35			0			1			0			1.0
1026			30			2			30			1.0
2598			38			2			38			1.0
4267			43			2			42			1.0238096
4596			15			2			15			1.0
5595			35			2			33			1.060606
6517			30			3			30			1.0
7545			34			2			30			1.1333333
8515			32			3			30			1.0666667
9195			28			2			27			1.037037
10114			31			2			31			1.0
11113			45			2			42			1.0714285
12112			39			2			35			1.1142857
12552			24			2			22			1.0909091
13510			39			3			37			1.054054
14227			26			2			26			1.0
14773			22			2			20			1.1
15909			43			2			42			1.0238096
18583			92			2			87			1.0574713
19295			42			2			37			1.1351352
20221			30			2			28			1.0714285
21220			38			2			34			1.117647
22292			39			2			38			1.0263158
24249			75			2			68			1.1029412
25248			35			2			30			1.1666666
26366			56			2			55			1.0181818
27449			46			2			43			1.0697675
28053			23			2			22			1.0454545
30139			95			2			88			1.0795455
30565			24			2			23			1.0434783
31138			28			2			24			1.1666666
31596			27			2			25			1.08
32138			31			2			29			1.0689656
32783			25			2			24			1.0416666
33443			31			2			29			1.0689656
33782			21			2			20			1.05
34852			44			3			42			1.0476191
35780			46			2			42			1.0952381
36386			27			2			22			1.2272727
36992			29			2			27			1.074074
37905			45			2			39			1.1538461
38452			21			2			19			1.1052631
39362			41			2			34			1.2058823
39866			31			2			27			1.1481482
40526			22			2			22			1.0
41217			25			2			23			1.0869565
42585			46			2			41			1.1219512
43654			26			2			25			1.04
44518			39			2			35			1.1142857
45652			37			2			32			1.15625
46187			15			2			15			1.0
47186			41			2			35			1.1714286
47908			31			1			30			1.0333333
49408			57			2			51			1.117647
50223			31			2			31			1.0
51222			35			2			33			1.060606
52181			28			2			28			1.0
53042			43			2			38			1.1315789
54018			42			2			41			1.0243902
55752			80			2			74			1.081081
58014			86			2			78			1.1025641
58361			12			2			12			1.0
59359			44			3			41			1.0731708
60358			46			3			43			1.0697675
62586			95			2			89			1.0674157
66187			135			2			127			1.0629921
67351			45			3			40			1.125
67899			31			2			28			1.1071428
68898			47			2			47			1.0
70100			63			1			56			1.125
71270			51			2			47			1.0851064
71911			27			2			27			1.0
73018			50			2			47			1.0638298
75411			89			2			80			1.1125
76081			36			2			34			1.0588236
76967			38			2			36			1.0555556
78279			63			2			55			1.1454545
78997			33			2			31			1.0645162
80022			31			1			30			1.0333333
80620			33			2			31			1.0645162
81248			31			1			25			1.24
81962			17			2			16			1.0625
83461			63			1			57			1.1052631
84691			47			1			44			1.0681819
85452			36			2			34			1.0588236
85990			22			2			21			1.0476191
86610			31			1			29			1.0689656
87450			37			2			34			1.0882353
88230			31			1			30			1.0333333
89039			41			2			39			1.051282
90551			62			2			62			1.0
91550			46			2			43			1.0697675
91890			15			2			15			1.0
92474			31			2			29			1.0689656
93099			42			2			39			1.0769231
94788			63			1			60			1.05
95546			31			1			28			1.1071428
96836			50			2			45			1.1111112
97833			50			2			46			1.0869565
98633			31			2			26			1.1923077
99061			16			2			15			1.0666667
99984			31			2			26			1.1923077
100748			31			1			26			1.1923077
101369			31			1			27			1.1481482
103118			57			3			54			1.0555556
105401			60			2			58			1.0344827
105940			28			2			27			1.037037
107521			62			2			57			1.0877193
109662			95			1			84			1.1309524
113449			148			2			141			1.0496454
114079			31			2			28			1.1071428
114749			23			2			23			1.0
118065			127			1			115			1.1043478
119546			62			3			58			1.0689656
120276			31			1			27			1.1481482
121779			63			1			58			1.0862069
122495			31			1			27			1.1481482
124027			62			2			57			1.0877193
125759			63			1			57			1.1052631
127350			63			1			54			1.1666666
127866			30			2			26			1.1538461
128230			31			1			26			1.1923077
128865			31			2			27			1.1481482
129879			47			1			45			1.0444444
131034			47			1			45			1.0444444
132385			47			1			45			1.0444444
133242			38			2			36			1.0555556
135345			88			1			84			1.0476191
136399			47			1			40			1.175
137872			78			2			73			1.0684931
138975			47			1			45			1.0444444
140120			47			1			42			1.1190476
140860			38			2			35			1.0857143
141704			34			2			33			1.030303
142740			47			1			39			1.2051282
143777			31			2			30			1.0333333
144427			31			3			26			1.1923077
146317			79			2			77			1.025974
147310			47			1			42			1.1190476
148423			41			3			34			1.2058823
149327			46			2			41			1.1219512
150609			47			1			41			1.1463414
152773			95			2			82			1.1585366
154264			47			1			40			1.175
155589			47			1			44			1.0681819
157712			95			1			84			1.1309524
160456			95			1			85			1.117647
162887			96			1			88			1.0909091
164249			47			1			43			1.0930233
166094			95			1			87			1.091954
167202			47			1			43			1.0930233
168464			47			2			43			1.0930233
169682			47			1			46			1.0217391
170684			47			1			43			1.0930233
172008			47			1			40			1.175
173123			47			1			43			1.0930233
174077			47			1			43			1.0930233
175320			47			1			43			1.0930233
177272			95			1			87			1.091954
178328			47			1			42			1.1190476
179619			63			1			60			1.05
182108			100			2			95			1.0526316
183103			47			2			42			1.1190476
185388			94			2			86			1.0930233
186644			47			1			42			1.1190476
187313			47			1			42			1.1190476
188396			47			1			40			1.175
189725			46			3			39			1.1794872
190711			47			1			41			1.1463414
192219			50			2			47			1.0638298
194014			50			2			46			1.0869565
196937			110			2			100			1.1
199157			63			1			58			1.0862069
199915			15			1			13			1.1538461
199932			0			2			0			1.0
