35			0			1			0			1.0
1026			30			1			30			1.0
2918			47			1			47			1.0
8670			183			1			183			1.0
10397			63			1			63			1.0
11113			31			1			31			1.0
12034			31			1			31			1.0
12625			31			1			31			1.0
13796			47			1			47			1.0
16632			95			1			95			1.0
17447			31			1			31			1.0
18498			31			1			31			1.0
19513			47			1			47			1.0
20598			31			1			31			1.0
21314			31			1			31			1.0
24492			111			1			111			1.0
25491			31			1			31			1.0
26417			47			1			47			1.0
27202			31			1			31			1.0
28053			31			1			31			1.0
29779			79			1			79			1.0
31241			63			1			63			1.0
31768			31			1			31			1.0
33332			63			1			63			1.0
33819			31			1			31			1.0
37590			159			1			159			1.0
38792			47			1			47			1.0
39842			47			1			47			1.0
42822			95			1			95			1.0
43971			31			1			31			1.0
45806			63			1			63			1.0
46810			31			1			31			1.0
47572			31			1			31			1.0
48858			47			1			47			1.0
52181			111			1			111			1.0
52868			31			1			31			1.0
55937			127			1			127			1.0
56807			31			1			31			1.0
57790			31			1			31			1.0
59593			79			1			79			1.0
60412			31			1			31			1.0
61805			47			1			47			1.0
63663			79			1			79			1.0
66995			111			1			111			1.0
68376			63			1			63			1.0
68918			31			1			31			1.0
70633			79			1			79			1.0
72532			79			1			79			1.0
74902			79			1			79			1.0
77037			95			1			95			1.0
78941			79			1			79			1.0
80270			47			1			47			1.0
81363			47			1			47			1.0
82475			31			1			31			1.0
83265			31			1			31			1.0
84938			63			1			63			1.0
85676			31			1			31			1.0
86311			31			1			31			1.0
87795			63			1			63			1.0
88684			31			1			31			1.0
89944			63			1			63			1.0
91542			63			1			63			1.0
92743			63			1			63			1.0
93392			31			1			31			1.0
95915			95			1			95			1.0
96870			31			1			31			1.0
98386			63			1			63			1.0
99260			31			1			31			1.0
100291			31			1			31			1.0
101013			31			1			31			1.0
101870			31			1			31			1.0
105486			95			1			95			1.0
106147			31			1			31			1.0
107000			31			1			31			1.0
107733			31			1			31			1.0
108666			31			1			31			1.0
109361			31			1			31			1.0
112844			127			1			127			1.0
115083			95			1			95			1.0
116214			31			1			31			1.0
117075			31			1			31			1.0
118089			31			1			31			1.0
118839			31			1			31			1.0
119661			31			1			31			1.0
121359			63			1			63			1.0
122024			31			1			31			1.0
123092			31			1			31			1.0
123891			31			1			31			1.0
124872			31			1			31			1.0
125729			31			1			31			1.0
126729			31			1			31			1.0
127460			31			1			31			1.0
128010			31			1			31			1.0
128656			31			1			31			1.0
130059			63			1			63			1.0
130999			31			1			31			1.0
131697			31			1			31			1.0
132753			31			1			31			1.0
133414			31			1			31			1.0
136545			127			1			127			1.0
137871			63			1			63			1.0
139324			63			1			63			1.0
140216			31			1			31			1.0
140897			31			1			31			1.0
142451			63			1			63			1.0
143509			31			1			31			1.0
145116			63			1			63			1.0
147529			95			1			95			1.0
148504			31			1			31			1.0
149148			31			1			31			1.0
150028			31			1			31			1.0
151002			31			1			31			1.0
152687			63			1			63			1.0
153606			31			1			31			1.0
155296			47			1			47			1.0
156421			47			1			47			1.0
157712			47			1			47			1.0
162098			143			1			143			1.0
163278			47			1			47			1.0
164598			47			1			47			1.0
165525			47			1			47			1.0
169523			143			1			143			1.0
170607			47			1			47			1.0
172070			47			1			47			1.0
177804			239			1			239			1.0
178829			47			1			47			1.0
184761			239			1			239			1.0
186644			63			1			63			1.0
187797			63			1			63			1.0
189808			63			1			63			1.0
191525			63			1			63			1.0
193764			63			1			63			1.0
197839			127			1			127			1.0
199915			50			1			50			1.0
199932			0			1			0			1.0
