87			0			1			0			1.0
818			6			1			6			1.0
2598			7			1			7			1.0
4654			7			1			7			1.0
5547			7			1			7			1.0
6783			3			1			3			1.0
8259			11			1			11			1.0
9299			11			1			11			1.0
10284			7			1			7			1.0
10808			6			1			6			1.0
12018			7			1			7			1.0
12614			7			1			7			1.0
13577			7			1			7			1.0
14712			6			1			6			1.0
15421			6			1			6			1.0
15662			3			1			3			1.0
16704			6			1			6			1.0
17336			6			1			6			1.0
19266			19			1			19			1.0
21764			20			1			20			1.0
22859			4			1			4			1.0
24057			8			1			8			1.0
24843			7			1			7			1.0
26569			9			1			9			1.0
28261			11			1			11			1.0
28886			7			1			7			1.0
30469			7			1			7			1.0
31368			7			1			7			1.0
31768			7			1			7			1.0
33597			15			1			15			1.0
34481			7			1			7			1.0
36831			19			1			19			1.0
38761			15			1			15			1.0
39971			11			1			11			1.0
40957			7			1			7			1.0
42809			7			1			7			1.0
43676			7			1			7			1.0
45228			11			1			11			1.0
46651			7			1			7			1.0
47718			7			1			7			1.0
48409			7			1			7			1.0
49989			7			1			7			1.0
51105			7			1			7			1.0
52184			7			1			7			1.0
52860			7			1			7			1.0
54018			11			1			11			1.0
55013			7			1			7			1.0
55579			7			1			7			1.0
56938			7			1			7			1.0
58361			11			1			11			1.0
59853			11			1			11			1.0
60934			7			1			7			1.0
62234			7			1			7			1.0
63504			7			1			7			1.0
64503			7			1			7			1.0
65519			7			1			7			1.0
66187			7			1			7			1.0
66995			7			1			7			1.0
67945			11			1			11			1.0
68516			3			1			3			1.0
69336			7			1			7			1.0
69877			3			1			3			1.0
70581			7			1			7			1.0
71475			7			1			7			1.0
73198			11			1			11			1.0
74830			7			1			7			1.0
75741			7			1			7			1.0
76810			7			1			7			1.0
77037			3			1			3			1.0
78860			19			1			19			1.0
80249			7			1			7			1.0
80963			7			1			7			1.0
82205			7			1			7			1.0
83148			7			1			7			1.0
84203			7			1			7			1.0
84977			7			1			7			1.0
86201			7			1			7			1.0
86975			7			1			7			1.0
88039			7			1			7			1.0
88230			3			1			3			1.0
89022			7			1			7			1.0
89972			7			1			7			1.0
91101			7			1			7			1.0
92526			7			1			7			1.0
92995			7			1			7			1.0
95079			15			1			15			1.0
95837			7			1			7			1.0
96836			7			1			7			1.0
98033			15			1			15			1.0
99008			7			1			7			1.0
100120			7			1			7			1.0
101667			15			1			15			1.0
103026			7			1			7			1.0
104851			7			1			7			1.0
106007			7			1			7			1.0
107136			7			1			7			1.0
107644			7			1			7			1.0
108635			7			1			7			1.0
109109			7			1			7			1.0
109727			7			1			7			1.0
110565			7			1			7			1.0
111495			7			1			7			1.0
112106			7			1			7			1.0
112804			7			1			7			1.0
113648			7			1			7			1.0
115663			15			1			15			1.0
116931			7			1			7			1.0
117939			7			1			7			1.0
118739			7			1			7			1.0
119642			7			1			7			1.0
121938			15			1			15			1.0
123049			7			1			7			1.0
123869			7			1			7			1.0
125096			7			1			7			1.0
126731			7			1			7			1.0
127892			7			1			7			1.0
128765			7			1			7			1.0
129324			7			1			7			1.0
129764			7			1			7			1.0
130526			7			1			7			1.0
131952			7			1			7			1.0
132862			7			1			7			1.0
133760			7			1			7			1.0
134792			7			1			7			1.0
135505			7			1			7			1.0
136477			7			1			7			1.0
137495			7			1			7			1.0
137872			7			1			7			1.0
138687			7			1			7			1.0
140356			7			1			7			1.0
141130			7			1			7			1.0
141610			7			1			7			1.0
142272			7			1			7			1.0
143379			7			1			7			1.0
143968			7			1			7			1.0
144967			7			1			7			1.0
145623			7			1			7			1.0
146390			7			1			7			1.0
149052			15			1			15			1.0
151050			15			1			15			1.0
152039			7			1			7			1.0
153265			7			1			7			1.0
154676			7			1			7			1.0
155637			7			1			7			1.0
157485			15			1			15			1.0
158574			7			1			7			1.0
159365			7			1			7			1.0
160308			7			1			7			1.0
161021			7			1			7			1.0
161571			7			1			7			1.0
162245			7			1			7			1.0
163023			7			1			7			1.0
163871			7			1			7			1.0
164527			7			1			7			1.0
165424			7			1			7			1.0
165952			7			1			7			1.0
166844			7			1			7			1.0
168711			15			1			15			1.0
169431			7			1			7			1.0
169983			7			1			7			1.0
171324			7			1			7			1.0
173045			15			1			15			1.0
173692			7			1			7			1.0
175320			15			1			15			1.0
177041			15			1			15			1.0
178406			11			1			11			1.0
181426			23			1			23			1.0
185012			23			1			23			1.0
186441			11			1			11			1.0
187313			11			1			11			1.0
190383			23			1			23			1.0
199212			58			1			58			1.0
199801			0			1			0			1.0
