155                             0                               420                             0                               1                               
854                             840                             420                             2                               420                             
915                             1260                            420                             3                               420                             
1283                            420                             420                             1                               420                             
1525                            420                             420                             1                               420                             
2061                            420                             420                             1                               420                             
2131                            420                             420                             1                               420                             
2290                            420                             420                             1                               420                             
2672                            420                             420                             1                               420                             
2963                            420                             420                             1                               420                             
3545                            1260                            420                             3                               420                             
4042                            420                             420                             1                               420                             
4255                            420                             420                             1                               420                             
4745                            420                             420                             1                               420                             
5365                            420                             420                             1                               420                             
5449                            420                             420                             1                               420                             
5646                            1260                            420                             3                               420                             
5765                            420                             420                             1                               420                             
6050                            1260                            420                             3                               420                             
6273                            420                             420                             1                               420                             
6533                            420                             420                             1                               420                             
6648                            420                             420                             1                               420                             
6814                            420                             420                             1                               420                             
6991                            420                             420                             1                               420                             
7232                            420                             420                             1                               420                             
7544                            420                             420                             1                               420                             
8381                            420                             420                             1                               420                             
8541                            420                             420                             1                               420                             
9185                            420                             420                             1                               420                             
9701                            420                             420                             1                               420                             
9916                            420                             420                             1                               420                             
9996                            420                             420                             1                               420                             
10248                           420                             420                             1                               420                             
10399                           420                             420                             1                               420                             
10592                           420                             420                             1                               420                             
10636                           420                             420                             1                               420                             
10687                           420                             420                             1                               420                             
11049                           420                             420                             1                               420                             
11403                           420                             420                             1                               420                             
11445                           420                             420                             1                               420                             
11802                           420                             420                             1                               420                             
11957                           420                             420                             1                               420                             
12316                           420                             420                             1                               420                             
12636                           420                             420                             1                               420                             
12827                           420                             420                             1                               420                             
13170                           420                             420                             1                               420                             
13428                           420                             420                             1                               420                             
13812                           420                             420                             1                               420                             
14038                           420                             420                             1                               420                             
14084                           420                             420                             1                               420                             
14631                           420                             420                             1                               420                             
14951                           420                             420                             1                               420                             
15255                           420                             420                             1                               420                             
15317                           420                             420                             1                               420                             
15735                           420                             420                             1                               420                             
15987                           420                             420                             1                               420                             
16148                           420                             420                             1                               420                             
16302                           420                             420                             1                               420                             
16638                           420                             420                             1                               420                             
17090                           420                             420                             1                               420                             
17532                           1260                            420                             3                               420                             
18008                           420                             420                             1                               420                             
18343                           420                             420                             1                               420                             
18598                           420                             420                             1                               420                             
19098                           420                             420                             1                               420                             
19374                           420                             420                             1                               420                             
19957                           420                             420                             1                               420                             
20135                           420                             420                             1                               420                             
20207                           420                             420                             1                               420                             
20423                           420                             420                             1                               420                             
21059                           420                             420                             1                               420                             
21089                           420                             420                             1                               420                             
21325                           420                             420                             1                               420                             
21397                           420                             420                             1                               420                             
22008                           420                             420                             1                               420                             
22375                           420                             420                             1                               420                             
22420                           420                             420                             1                               420                             
22731                           420                             420                             1                               420                             
22775                           420                             420                             1                               420                             
23038                           420                             420                             1                               420                             
23626                           420                             420                             1                               420                             
23786                           420                             420                             1                               420                             
24143                           1260                            420                             3                               420                             
24416                           420                             420                             1                               420                             
24453                           420                             420                             1                               420                             
24592                           420                             420                             1                               420                             
24927                           420                             420                             1                               420                             
24968                           420                             420                             1                               420                             
25084                           420                             420                             1                               420                             
25314                           420                             420                             1                               420                             
25837                           420                             420                             1                               420                             
26023                           420                             420                             1                               420                             
26166                           420                             420                             1                               420                             
26866                           420                             420                             1                               420                             
26945                           420                             420                             1                               420                             
27015                           420                             420                             1                               420                             
27246                           420                             420                             1                               420                             
27580                           420                             420                             1                               420                             
28171                           420                             420                             1                               420                             
28443                           420                             420                             1                               420                             
28519                           420                             420                             1                               420                             
28730                           420                             420                             1                               420                             
28897                           420                             420                             1                               420                             
28965                           420                             420                             1                               420                             
29178                           420                             420                             1                               420                             
29332                           420                             420                             1                               420                             
29731                           420                             420                             1                               420                             
29883                           420                             420                             1                               420                             
30420                           420                             420                             1                               420                             
31073                           1260                            420                             3                               420                             
31510                           420                             420                             1                               420                             
31816                           420                             420                             1                               420                             
31861                           420                             420                             1                               420                             
31986                           420                             420                             1                               420                             
32115                           420                             420                             1                               420                             
32132                           420                             420                             1                               420                             
32257                           420                             420                             1                               420                             
32367                           420                             420                             1                               420                             
33342                           420                             420                             1                               420                             
33482                           420                             420                             1                               420                             
33589                           420                             420                             1                               420                             
34096                           1260                            420                             3                               420                             
34273                           420                             420                             1                               420                             
34311                           420                             420                             1                               420                             
34449                           420                             420                             1                               420                             
34574                           420                             420                             1                               420                             
35044                           420                             420                             1                               420                             
35070                           420                             420                             1                               420                             
35270                           420                             420                             1                               420                             
35694                           420                             420                             1                               420                             
35793                           420                             420                             1                               420                             
35973                           420                             420                             1                               420                             
36217                           420                             420                             1                               420                             
36810                           420                             420                             1                               420                             
37253                           420                             420                             1                               420                             
37436                           420                             420                             1                               420                             
37626                           420                             420                             1                               420                             
37737                           420                             420                             1                               420                             
37928                           420                             420                             1                               420                             
38090                           420                             420                             1                               420                             
38161                           420                             420                             1                               420                             
38333                           420                             420                             1                               420                             
38886                           420                             420                             1                               420                             
39077                           420                             420                             1                               420                             
39426                           420                             420                             1                               420                             
39714                           420                             420                             1                               420                             
39914                           420                             420                             1                               420                             
40299                           420                             420                             1                               420                             
40408                           420                             420                             1                               420                             
40420                           420                             420                             1                               420                             
40519                           420                             420                             1                               420                             
40821                           420                             420                             1                               420                             
40986                           420                             420                             1                               420                             
41670                           420                             420                             1                               420                             
41945                           420                             420                             1                               420                             
42208                           1260                            420                             3                               420                             
42501                           420                             420                             1                               420                             
42604                           420                             420                             1                               420                             
42711                           420                             420                             1                               420                             
42819                           420                             420                             1                               420                             
42916                           420                             420                             1                               420                             
43235                           420                             420                             1                               420                             
43501                           420                             420                             1                               420                             
44221                           420                             420                             1                               420                             
44808                           420                             420                             1                               420                             
44989                           420                             420                             1                               420                             
45242                           420                             420                             1                               420                             
45303                           420                             420                             1                               420                             
45754                           420                             420                             1                               420                             
45917                           420                             420                             1                               420                             
46363                           420                             420                             1                               420                             
46415                           420                             420                             1                               420                             
46595                           420                             420                             1                               420                             
46802                           420                             420                             1                               420                             
47122                           420                             420                             1                               420                             
47484                           420                             420                             1                               420                             
47534                           420                             420                             1                               420                             
47792                           420                             420                             1                               420                             
47979                           420                             420                             1                               420                             
48450                           420                             420                             1                               420                             
48623                           420                             420                             1                               420                             
49094                           420                             420                             1                               420                             
49618                           2100                            420                             5                               420                             
49815                           420                             420                             1                               420                             
50224                           420                             420                             1                               420                             
50365                           420                             420                             1                               420                             
50658                           1260                            420                             3                               420                             
149644                          336840                          420                             802                             420                             
149695                          0                               420                             0                               1                               