0            0             5857.224      0                    1
1            0             6021.396      0                    1
2            0             6013.452      0                    1
3            0             6013.452      0                    1
4            0             5881.055      0                    1
5            0             5865.167      0                    1
6            0             6246.469      0                    1
7            0             5984.324      0                    1
8            0             5994.916      0                    1
9            0             6140.552      0                    1
10           0             6153.792      0                    1
11           0             6016.1        0                    1
12           0             6127.313      0                    1
13           0             5931.366      0                    1
14           0             6000.212      0                    1
15           0             5886.351      0                    1
16           0             5926.07       0                    1
17           0             6151.144      0                    1
18           0             5936.662      0                    1
19           0             6114.073      0                    1
20           0             5881.055      0                    1
21           0             5947.253      0                    1
22           0             5981.676      0                    1
23           0             6000.212      0                    1
24           0             5928.718      0                    1