230          0             1             0                    1
475          525.2783      1             244                  2.15278
1483         1355.642      1             1007                 1.346219
1783         676.4948      1             299                  2.262524
2176         676.4948      1             392                  1.725752
2432         676.4948      1             255                  2.652921
3143         676.4948      1             676                  1.000954
4072         1016.069      1             928                  1.094902
4781         676.4948      1             676                  1.000954
5310         676.4948      1             528                  1.28124
6246         676.4948      1             676                  1.000954
7080         1355.642      1             833                  1.627422
7885         676.4948      1             676                  1.000954
8951         1016.069      1             1014                 1.001768
9737         1355.642      1             785                  1.726933
11415        1695.216      1             1677                 1.010862
11901        676.4948      1             485                  1.394835
12338        676.4948      1             436                  1.551594
13590        1016.069      1             1014                 1.001768
14297        676.4948      1             676                  1.000954
15324        676.4948      1             676                  1.000954
16576        1016.069      1             1014                 1.001768
16878        676.4948      1             301                  2.247491
18031        1355.642      1             1152                 1.176773
18743        676.4948      1             676                  1.000954
19768        676.4948      1             676                  1.000954
20436        676.4948      1             667                  1.014235
20919        676.4948      1             482                  1.403516
21578        1016.069      1             658                  1.544177
22202        676.4948      1             623                  1.085866
24254        1695.216      1             1691                 1.002419
24951        1016.069      1             696                  1.459869
25945        676.4948      1             676                  1.000954
27679        1695.216      1             1691                 1.002419
28082        336.9209      1             337                  1
29378        1016.069      1             1014                 1.001768
30218        1016.069      1             839                  1.211047
31648        1016.069      1             1014                 1.001768
32626        1016.069      1             977                  1.039988
33739        1016.069      1             1014                 1.001768
35233        2034.79       1             1493                 1.362887
35798        1016.069      1             564                  1.80154
36682        1016.069      1             883                  1.150701
38421        1695.216      1             1691                 1.002419
39180        676.4948      1             676                  1.000954
40287        1355.642      1             1106                 1.225716
41772        1016.069      1             1014                 1.001768
42347        676.4948      1             574                  1.178562
42956        1016.069      1             608                  1.671165
43895        676.4948      1             676                  1.000954
44513        676.4948      1             617                  1.096426
44859        676.4948      1             345                  1.960854
45253        676.4948      1             393                  1.721361
46043        1016.069      1             789                  1.287793
46923        1016.069      1             879                  1.155937
47538        1016.069      1             614                  1.654835
49359        2034.79       1             1820                 1.118017
49890        676.4948      1             530                  1.276405
50784        676.4948      1             676                  1.000954
51456        676.4948      1             671                  1.008189
51986        676.4948      1             529                  1.278818
52162        336.9209      1             175                  1.925262
53009        676.4948      1             676                  1.000954
53950        676.4948      1             676                  1.000954
55371        1355.642      1             1353                 1.002175
55762        676.4948      1             390                  1.734602
56710        676.4948      1             676                  1.000954
57331        676.4948      1             620                  1.091121
58372        676.4948      1             676                  1.000954
58992        676.4948      1             619                  1.092883
59703        676.4948      1             676                  1.000954
60190        676.4948      1             486                  1.391965
61043        676.4948      1             676                  1.000954
62394        676.4948      1             676                  1.000954
63508        1016.069      1             1014                 1.001768
64125        676.4948      1             616                  1.098206
64608        676.4948      1             482                  1.403516
65231        676.4948      1             622                  1.087612
66445        676.4948      1             676                  1.000954
66931        676.4948      1             485                  1.394835
67685        676.4948      1             676                  1.000954
70262        2713.938      1             2576                 1.053547
70609        676.4948      1             346                  1.955187
71286        676.4948      1             676                  1.000954
73320        676.4948      1             676                  1.000954
73667        676.4948      1             346                  1.955187
74060        676.4948      1             392                  1.725752
75262        676.4948      1             676                  1.000954
76456        1355.642      1             1193                 1.136331
77537        676.4948      1             676                  1.000954
78111        676.4948      1             573                  1.180619
78776        676.4948      1             664                  1.018817
79125        676.4948      1             348                  1.943951
80416        1355.642      1             1290                 1.050886
81316        676.4948      1             676                  1.000954
81937        676.4948      1             620                  1.091121
82860        1355.642      1             922                  1.470328
83748        676.4948      1             676                  1.000954
84458        676.4948      1             676                  1.000954
84804        676.4948      1             345                  1.960854
86232        1355.642      1             1353                 1.002175
86763        676.4948      1             530                  1.276405
87522        676.4948      1             676                  1.000954
88554        676.4948      1             676                  1.000954
89880        1355.642      1             1325                 1.023126
90271        676.4948      1             390                  1.734602
91711        676.4948      1             676                  1.000954
93766        1355.642      1             1353                 1.002175
94435        676.4948      1             668                  1.012717
94691        676.4948      1             255                  2.652921
96139        676.4948      1             676                  1.000954
97287        1355.642      1             1147                 1.181903
97724        676.4948      1             436                  1.551594
98389        676.4948      1             664                  1.018817
98965        676.4948      1             575                  1.176513
100177       676.4948      1             676                  1.000954
100709       676.4948      1             531                  1.274001
101657       676.4948      1             676                  1.000954
102232       676.4948      1             574                  1.178562
103040       676.4948      1             676                  1.000954
103386       676.4948      1             345                  1.960854
104147       676.4948      1             676                  1.000954
104492       676.4948      1             344                  1.966555
105164       676.4948      1             671                  1.008189
106061       676.4948      1             676                  1.000954
106681       676.4948      1             619                  1.092883
107212       676.4948      1             530                  1.276405
108149       676.4948      1             676                  1.000954
108950       676.4948      1             676                  1.000954
110972       1355.642      1             1353                 1.002175
111273       676.4948      1             300                  2.254982
111934       676.4948      1             660                  1.024992
112921       676.4948      1             676                  1.000954
114027       1355.642      1             1105                 1.226826
115101       676.4948      1             676                  1.000954
115403       676.4948      1             301                  2.247491
115979       676.4948      1             575                  1.176513
116900       1355.642      1             920                  1.473524
117245       676.4948      1             344                  1.966555
117685       676.4948      1             439                  1.54099
118395       676.4948      1             676                  1.000954
118967       676.4948      1             571                  1.184754
119313       676.4948      1             345                  1.960854
120609       676.4948      1             676                  1.000954
121089       676.4948      1             479                  1.412306
122357       676.4948      1             676                  1.000954
123025       676.4948      1             667                  1.014235
123373       676.4948      1             347                  1.949553
123765       676.4948      1             391                  1.730166
125248       1016.069      1             1014                 1.001768
128125       3053.512      1             2876                 1.061722
130537       2034.79       1             2030                 1.002581
131923       1016.069      1             1014                 1.001768
132714       1016.069      1             790                  1.286163
133418       1016.069      1             703                  1.445332
134529       1016.069      1             1014                 1.001768
135280       1016.069      1             750                  1.354758
136308       1016.069      1             1014                 1.001768
138016       1016.069      1             1014                 1.001768
138990       1016.069      1             973                  1.044264
140417       1016.069      1             1014                 1.001768
141028       1016.069      1             610                  1.665686
141966       1016.069      1             937                  1.084385
143081       1016.069      1             1014                 1.001768
144473       1016.069      1             1014                 1.001768
145306       1016.069      1             832                  1.221236
146370       1016.069      1             1014                 1.001768
147576       1016.069      1             1014                 1.001768
148561       1016.069      1             984                  1.03259
149999       1013.416      1             1012                 1.001764
150000       0             1             0                    1