06/01/1992             0                               1                               0                               1                               
23/03/1992             42640.31                        1714.051                        70                              606.9607                        
19/04/1992             42683.34                        1242.687                        26                              1635.634                        
29/04/1992             16350.47                        2699.63                         9                               1809.578                        
08/05/1992             17512.21                        3042.44                         8                               2180.315                        
15/05/1992             13424.6                         2785.333                        6                               2228.2                          
24/05/1992             17770.38                        3085.292                        8                               2212.457                        
04/06/1992             24999.01                        3085.292                        10                              2490.172                        
14/06/1992             22073.14                        3042.44                         9                               2442.93                         
27/06/1992             28053.97                        2956.738                        12                              2328.87                         
10/07/1992             30291.4                         2399.671                        12                              2514.608                        
19/07/1992             21298.64                        2571.076                        8                               2651.735                        
04/09/1992             111484.4                        3042.44                         46                              2414.811                        
13/09/1992             19792.68                        2785.333                        8                               2464.238                        
26/09/1992             27967.91                        2056.861                        12                              2321.726                        
09/10/1992             29904.15                        2271.117                        12                              2482.461                        
29/10/1992             43285.72                        2913.886                        19                              2269.71                         
14/11/1992             36487.37                        2185.415                        15                              2423.311                        
26/11/1992             25988.64                        2999.589                        11                              2353.485                        
13/12/1992             36960.67                        1714.051                        16                              2301.357                        
26/12/1992             30334.43                        1756.902                        12                              2518.18                         
02/01/1993             14328.18                        3042.44                         6                               2378.175                        
11/01/1993             19319.37                        1842.605                        8                               2405.311                        
17/01/1993             11918.63                        1671.2                          5                               2373.61                         
26/01/1993             20524.14                        1928.307                        8                               2555.308                        
08/02/1993             29129.65                        3385.25                         12                              2418.167                        
22/02/1993             29602.96                        1842.605                        13                              2268.474                        
04/03/1993             23148.82                        2871.035                        9                               2561.981                        
14/03/1993             21771.94                        2871.035                        9                               2409.596                        
28/03/1993             31281.03                        3213.845                        13                              2397.065                        
06/04/1993             19620.56                        2913.886                        8                               2442.81                         
16/04/1993             20825.34                        2742.481                        9                               2304.831                        
30/04/1993             32184.61                        2871.035                        13                              2466.306                        
04/06/1993             82828.05                        3213.845                        34                              2427.245                        
29/06/1993             58345.36                        3299.548                        24                              2422.096                        
08/07/1993             20524.14                        3299.548                        8                               2555.308                        
15/07/1993             17211.02                        3256.697                        6                               2856.667                        
28/07/1993             31969.47                        2142.563                        12                              2653.911                        
08/08/1993             24869.93                        2313.969                        10                              2477.314                        
15/08/1993             16952.86                        3170.994                        6                               2813.817                        
23/08/1993             16909.83                        2999.589                        7                               2405.924                        
04/09/1993             28484.24                        2056.861                        11                              2579.482                        
12/09/1993             17770.38                        2956.738                        7                               2528.363                        
24/09/1993             27322.5                         2271.117                        11                              2474.277                        
04/10/1993             21685.89                        2014.01                         9                               2400.072                        
21/10/1993             43070.58                        1971.158                        16                              2681.791                        
03/11/1993             29430.85                        1671.2                          12                              2443.17                         
13/11/1993             21040.47                        1928.307                        9                               2328.641                        
26/11/1993             29602.96                        3042.44                         12                              2457.458                        
02/12/1993             11101.11                        1714.051                        5                               2210.799                        
14/12/1993             27451.58                        2785.333                        11                              2485.966                        
29/12/1993             32485.8                         2913.886                        14                              2311.618                        
08/01/1994             21126.53                        2871.035                        9                               2338.165                        
19/01/1994             25042.04                        1628.348                        10                              2494.458                        
02/02/1994             31582.22                        1499.794                        13                              2420.145                        
17/02/1994             34163.88                        2956.738                        14                              2431.026                        
14/03/1994             60927.02                        2528.225                        24                              2529.268                        
29/03/1994             32916.08                        2956.738                        14                              2342.235                        
12/05/1994             106149                          3085.292                        43                              2459.642                        
20/05/1994             16565.61                        3042.44                         7                               2356.948                        
19/06/1994             68887.12                        2956.738                        29                              2366.722                        
29/06/1994             21083.5                         2571.076                        9                               2333.403                        
09/07/1994             20524.14                        2485.374                        9                               2271.496                        
19/07/1994             22159.19                        2785.333                        9                               2452.454                        
05/08/1994             35497.73                        2442.522                        16                              2210.268                        
15/08/1994             20567.17                        2613.927                        9                               2276.258                        
14/09/1994             73275.93                        2099.712                        29                              2517.506                        
24/09/1994             21599.83                        2014.01                         9                               2390.548                        
04/10/1994             23880.29                        1928.307                        9                               2642.936                        
30/10/1994             64283.17                        2228.266                        25                              2561.864                        
11/11/1994             28183.05                        1885.456                        11                              2552.207                        
16/11/1994             10498.72                        3170.994                        4                               2613.08                         
27/11/1994             24912.96                        1928.307                        10                              2481.6                          
07/12/1994             21384.7                         3470.953                        9                               2366.737                        
29/12/1994             54257.75                        2142.563                        21                              2574.124                        
09/01/1995             24869.93                        3042.44                         10                              2477.314                        
15/01/1995             11918.63                        3213.845                        5                               2373.61                         
22/02/1995             96941.08                        3085.292                        37                              2610.507                        
06/03/1995             26634.06                        3042.44                         11                              2411.933                        
17/03/1995             27580.66                        3385.25                         10                              2747.333                        
31/03/1995             34895.35                        1928.307                        13                              2674.03                         
20/04/1995             52020.31                        3085.292                        19                              2727.713                        
13/05/1995             59851.33                        2828.184                        22                              2710.451                        
06/06/1995             59033.8                         1971.158                        23                              2557.21                         
30/06/1995             55978.85                        2999.589                        23                              2424.876                        
15/07/1995             35928.01                        3213.845                        14                              2556.558                        
29/07/1995             32442.78                        3042.44                         13                              2486.089                        
07/08/1995             18846.07                        3213.845                        8                               2346.383                        
19/08/1995             29430.85                        3085.292                        11                              2665.205                        
30/08/1995             21728.92                        2699.63                         10                              2164.435                        
26/09/1995             66950.88                        1628.348                        26                              2565.571                        
05/10/1995             20093.87                        2828.184                        8                               2501.738                        
26/10/1995             48276.92                        3299.548                        20                              2404.877                        
05/11/1995             21771.94                        2356.82                         9                               2409.596                        
15/11/1995             21814.97                        2356.82                         9                               2414.358                        
29/11/1995             29861.12                        3128.143                        13                              2288.257                        
17/12/1995             44017.19                        1971.158                        17                              2579.546                        
26/12/1995             19577.54                        3085.292                        8                               2437.453                        
14/01/1996             43242.69                        2142.563                        18                              2393.399                        
01/02/1996             43199.66                        3085.292                        17                              2531.636                        
02/03/1996             66348.49                        2656.779                        29                              2279.504                        
20/03/1996             42683.34                        2399.671                        17                              2501.378                        
30/03/1996             22890.66                        2399.671                        9                               2533.409                        
09/04/1996             19878.73                        2699.63                         9                               2200.066                        
20/04/1996             23277.91                        2014.01                         10                              2318.732                        
30/04/1996             20352.03                        2699.63                         9                               2252.448                        
10/05/1996             21556.8                         2956.738                        9                               2385.785                        
20/05/1996             20954.42                        3085.292                        9                               2319.117                        
08/06/1996             45867.38                        2828.184                        18                              2538.67                         
01/07/1996             51676.09                        2785.333                        22                              2340.224                        
09/07/1996             19749.65                        3170.994                        7                               2809.972                        
20/07/1996             23794.24                        2014.01                         10                              2370.164                        
29/07/1996             22675.52                        2442.522                        8                               2823.16                         
08/08/1996             22933.69                        1842.605                        9                               2538.171                        
18/08/1996             24525.71                        3085.292                        9                               2714.367                        
01/09/1996             29430.85                        2656.779                        13                              2255.285                        
21/09/1996             48061.78                        2913.886                        19                              2520.146                        
10/10/1996             43070.58                        2742.481                        18                              2383.873                        
20/10/1996             24095.43                        2099.712                        9                               2666.746                        
03/11/1996             32399.75                        2313.969                        13                              2482.792                        
13/11/1996             21944.05                        1928.307                        9                               2428.644                        
07/12/1996             54472.88                        1671.2                          23                              2359.641                        
16/12/1996             20093.87                        3213.845                        8                               2501.738                        
09/01/1997             55806.74                        2271.117                        23                              2417.421                        
21/01/1997             28269.1                         2099.712                        11                              2560                            
03/02/1997             28527.27                        2871.035                        12                              2368.16                         
13/02/1997             24052.4                         1885.456                        9                               2661.984                        
23/02/1997             20567.17                        2913.886                        9                               2276.258                        
08/03/1997             31065.89                        2656.779                        12                              2578.902                        
18/04/1997             99608.79                        2613.927                        40                              2481.187                        
01/05/1997             32787                           2185.415                        12                              2721.777                        
27/05/1997             64713.44                        2399.671                        25                              2579.011                        
11/06/1997             33002.13                        2742.481                        14                              2348.359                        
29/07/1997             119143.3                        2313.969                        47                              2525.802                        
25/08/1997             65315.83                        2913.886                        26                              2502.916                        
08/09/1997             30850.76                        2442.522                        13                              2364.093                        
21/09/1997             31410.12                        2228.266                        12                              2607.477                        
01/11/1997             100641.5                        3085.292                        40                              2506.91                         
09/12/1997             97371.36                        2571.076                        37                              2622.094                        
23/12/1997             30850.76                        3256.697                        13                              2364.093                        
07/01/1998             35067.46                        2871.035                        14                              2495.323                        
22/01/1998             37649.11                        2956.738                        14                              2679.027                        
20/02/1998             71339.69                        2142.563                        28                              2538.508                        
20/03/1998             68327.76                        2913.886                        27                              2521.371                        
01/05/1998             102792.8                        3042.44                         41                              2498.053                        
16/05/1998             37046.73                        3085.292                        14                              2636.163                        
28/07/1998             183813.7                        2185.415                        72                              2543.808                        
10/08/1998             32485.8                         2271.117                        12                              2696.774                        
24/08/1998             33389.38                        2956.738                        13                              2558.627                        
12/09/1998             40661.04                        1756.902                        18                              2250.51                         
02/10/1998             34379.02                        1071.282                        19                              1802.682                        
28/10/1998             34206.91                        857.0255                        25                              1363.241                        
21/12/1998             27107.36                        68.63379                        51                              529.599                         
22/12/1998             8.378328                        1                               0                               2358.965                        