1828                            0                               5                               0                               1                               
48455                           55173.61                        7                               14152                           3.898689                        
59462                           18550.12                        7                               4860                            3.816893                        
108227                          41867.8                         7                               10452                           4.005601                        
122342                          20240.44                        7                               5462                            3.70551                         
160930                          39310.66                        7                               10452                           3.760953                        
207044                          40740.92                        7                               11012                           3.699838                        
244548                          39180.63                        7                               10065                           3.892701                        
268039                          16729.78                        7                               4645                            3.60174                         
356003                          95741.16                        7                               25853                           3.703338                        
396487                          37577                           7                               9463                            3.97098                         
418853                          32982.81                        7                               8473                            3.892468                        
433344                          13305.81                        7                               3483                            3.819736                        
452384                          33069.49                        1                               8086                            4.089552                        
497958                          38487.17                        7                               9850                            3.907301                        
551330                          53439.95                        7                               14109                           3.787698                        
604161                          40047.46                        1                               10194                           3.928453                        
641986                          32592.74                        7                               8344                            3.905921                        
665959                          22017.44                        7                               5978                            3.68279                         
733895                          30599.03                        7                               8086                            3.784042                        
769379                          28561.99                        7                               7742                            3.689133                        
865863                          68046.01                        7                               17249                           3.944898                        
890532                          19893.71                        7                               5419                            3.670943                        
908640                          27001.7                         7                               7140                            3.781779                        
924129                          17596.61                        7                               4688                            3.753596                        
964289                          32636.08                        7                               8215                            3.972554                        
979937                          22060.78                        7                               5806                            3.799392                        
1074278                         81655.21                        1                               21680                           3.766394                        
1093889                         35583.29                        1                               8904                            3.996474                        
1125638                         32332.69                        7                               8560                            3.77739                         
1149955                         14649.4                         7                               4129                            3.548183                        
1185927                         30902.42                        7                               8473                            3.646951                        
1208612                         21714.04                        1                               5505                            3.944228                        
1225863                         32852.79                        7                               8387                            3.916893                        
1258563                         44468.29                        2                               11012                           4.038333                        
1293446                         28952.06                        1                               7097                            4.07952                         
1314400                         27001.7                         7                               7140                            3.781779                        
1339042                         40047.46                        7                               10194                           3.928453                        
1408322                         51792.98                        7                               13808                           3.751023                        
1446052                         31595.88                        7                               8000                            3.949337                        
1477031                         20110.41                        7                               5462                            3.681706                        
1511300                         38790.56                        7                               10495                           3.695983                        
1547270                         34543.1                         7                               9205                            3.752728                        
1570981                         31162.47                        7                               8215                            3.793182                        
1632162                         66442.38                        1                               17077                           3.890742                        
1672772                         34283.05                        7                               9291                            3.689987                        
1709028                         44208.23                        7                               11313                           3.907852                        
1754178                         33286.2                         6                               8301                            4.009697                        
1780993                         22147.46                        6                               5978                            3.704538                        
1807458                         33372.88                        6                               8473                            3.938502                        
1829413                         22234.14                        3                               6021                            3.692468                        
1842343                         33546.25                        7                               9119                            3.678816                        
1857316                         21930.75                        7                               5591                            3.922294                        
1879974                         22277.48                        6                               6151                            3.622038                        
1892454                         22710.9                         7                               5806                            3.911359                        
1929345                         34109.69                        1                               9248                            3.688405                        
1960515                         23187.65                        7                               6108                            3.796574                        
1981158                         22494.19                        7                               5935                            3.789804                        
1998117                         22104.12                        7                               5849                            3.778861                        
2025218                         22624.21                        7                               6065                            3.730597                        
2050406                         45638.5                         7                               12130                           3.762447                        
2070881                         22190.8                         7                               5849                            3.793679                        
2106883                         36146.73                        7                               9506                            3.802549                        
2157605                         49452.55                        7                               13765                           3.592713                        
2181766                         23057.63                        1                               5591                            4.123835                        
2235396                         35063.2                         7                               8904                            3.93806                         
2300419                         60027.85                        7                               16260                           3.691816                        
2328869                         23361.02                        7                               6194                            3.771827                        
2353664                         23447.7                         7                               6538                            3.586538                        
2374563                         29645.52                        7                               8000                            3.705551                        
2402308                         32679.42                        7                               8517                            3.837183                        
2452289                         49409.2                         7                               12302                           4.016331                        
2474211                         22754.24                        7                               6280                            3.623522                        
2511744                         34673.13                        7                               9506                            3.647529                        
2525159                         26915.01                        1                               6710                            4.011318                        
2563270                         22060.78                        7                               5677                            3.885757                        
2617473                         40567.56                        7                               10667                           3.802947                        
2641504                         25658.11                        7                               7355                            3.48851                         
2651872                         22147.46                        7                               5548                            3.991764                        
2677476                         33242.86                        6                               8129                            4.089237                        
2730949                         44294.92                        6                               11485                           3.85685                         
2742756                         12395.64                        1                               2881                            4.302266                        
2788481                         33242.86                        7                               8646                            3.845076                        
2820355                         33069.49                        7                               8689                            3.806085                        
2870915                         33849.64                        7                               8689                            3.895875                        
2898306                         33242.86                        2                               8818                            3.770041                        
2935554                         44121.55                        7                               11098                           3.975782                        
2941159                         11615.5                         7                               3311                            3.507766                        
2994117                         40827.61                        1                               10022                           4.073743                        
3033893                         26784.99                        7                               7398                            3.620546                        
3060549                         22017.44                        5                               5806                            3.791928                        
3079552                         44294.92                        7                               11614                           3.813993                        
3160706                         88676.52                        2                               23186                           3.824643                        
3193511                         44208.23                        7                               11227                           3.9378                          
3256002                         44424.94                        7                               12044                           3.688563                        
3278114                         22537.53                        1                               6151                            3.664319                        
3298787                         22624.21                        1                               5806                            3.89643                         
3313829                         22927.6                         7                               5806                            3.948681                        
3351714                         22754.24                        7                               5978                            3.806032                        
3372646                         22147.46                        7                               6108                            3.626261                        
3391076                         22494.19                        7                               5462                            4.118115                        
3411779                         22147.46                        7                               5935                            3.731387                        
3442276                         22320.82                        1                               5720                            3.901996                        
3467397                         24834.63                        7                               6452                            3.849338                        
3485217                         22797.58                        7                               6452                            3.533598                        
3510438                         22277.48                        7                               5978                            3.726287                        
3525701                         22494.19                        7                               5978                            3.762535                        
3559105                         21887.41                        7                               5849                            3.741813                        
3578949                         22494.19                        7                               6151                            3.657272                        
3605925                         22970.95                        7                               6021                            3.814831                        
3631235                         22537.53                        1                               5462                            4.12605                         
3658342                         22147.46                        7                               5763                            3.842791                        
3675399                         22364.17                        7                               5935                            3.767898                        
3704001                         23187.65                        7                               6280                            3.692542                        
3732518                         26004.84                        7                               7140                            3.642163                        
3750786                         21887.41                        7                               5892                            3.714496                        
3764257                         22884.26                        7                               6409                            3.570843                        
3789600                         22927.6                         7                               6237                            3.676314                        
3814372                         23577.72                        7                               6065                            3.887825                        
3834913                         25744.79                        7                               6753                            3.81247                         
3857892                         22450.85                        7                               6108                            3.675935                        
3875425                         22017.44                        7                               6151                            3.579758                        
3909572                         33112.84                        6                               8258                            4.009591                        
3929799                         22624.21                        7                               6065                            3.730597                        
3959842                         33199.52                        7                               8215                            4.041137                        
3980610                         22234.14                        7                               5978                            3.719038                        
4005222                         22710.9                         7                               6366                            3.567739                        
4028517                         31552.54                        7                               8430                            3.742676                        
4055936                         22450.85                        7                               6108                            3.675935                        
4092998                         25528.09                        7                               6839                            3.73282                         
4111236                         23664.41                        7                               6538                            3.619685                        
4139365                         33112.84                        5                               8473                            3.907813                        
4156066                         22190.8                         1                               4989                            4.447893                        
4197414                         30425.67                        7                               8387                            3.627518                        
4227426                         33242.86                        6                               8473                            3.923157                        
4248742                         33069.49                        5                               8430                            3.922612                        
4274597                         33112.84                        7                               8646                            3.830036                        
4294567                         33112.84                        6                               8301                            3.988813                        
4329412                         33199.52                        7                               8430                            3.938035                        
4375782                         33156.18                        4                               8344                            3.973444                        
4453410                         66745.77                        3                               17120                           3.898687                        
4495234                         33199.52                        7                               8818                            3.765126                        
4515617                         24097.82                        7                               6796                            3.545985                        
4552354                         33242.86                        4                               8086                            4.110991                        
4597509                         33199.52                        3                               9205                            3.606762                        
4633060                         33242.86                        6                               8387                            3.9634                          
4721794                         66529.06                        1                               17636                           3.772285                        
4744579                         33069.49                        5                               8301                            3.983592                        
4770660                         33156.18                        5                               9420                            3.519806                        
4814437                         33069.49                        7                               8430                            3.922612                        
4894532                         66399.03                        7                               17679                           3.755752                        
4956610                         66529.06                        5                               17937                           3.708958                        
4982853                         33286.2                         2                               8517                            3.90843                         
5004000                         33589.59                        2                               8473                            3.964077                        
5049732                         33372.88                        1                               8473                            3.938502                        
5080550                         33156.18                        7                               8517                            3.893163                        
5116486                         33026.15                        6                               9119                            3.62178                         
5132391                         33589.59                        6                               8430                            3.984304                        
5162082                         33199.52                        6                               9162                            3.623697                        
5176450                         33849.64                        6                               9248                            3.660285                        
5200384                         33892.98                        7                               8818                            3.843771                        
5241062                         33286.2                         7                               8603                            3.869341                        
5266690                         34023                           7                               8560                            3.974868                        
5290407                         33936.32                        7                               9162                            3.704119                        
5318786                         33026.15                        7                               8603                            3.839112                        
5353379                         34759.81                        7                               9248                            3.758705                        
5395328                         38530.51                        7                               10280                           3.748016                        
5436837                         33156.18                        7                               8603                            3.854227                        
5454946                         36840.2                         7                               9463                            3.893117                        
5485186                         33416.22                        7                               8646                            3.865128                        
5534407                         34023                           7                               9119                            3.731099                        
5564353                         32982.81                        7                               9033                            3.651479                        
5618885                         70386.45                        7                               18884                           3.727347                        
5652838                         33026.15                        7                               9119                            3.62178                         
5705057                         44338.26                        3                               10926                           4.058233                        
5745378                         44078.21                        7                               11915                           3.699414                        
5854944                         88589.84                        7                               22970                           3.856683                        
5881123                         35539.95                        7                               10065                           3.53099                         
5912194                         44294.92                        2                               11313                           3.915515                        
5954784                         44251.58                        7                               10926                           4.050299                        
5999202                         43298.07                        5                               11485                           3.770052                        
5999203                         0                               3                               0                               1                               