5                               0                               1                               0                               1                               
1219                            35705.71                        214.2567                        1213                            29.43587                        
1813                            19315.5                         168.7794                        593                             32.57251                        
3223                            42330.63                        168.7794                        1404                            30.14621                        
3937                            21122.3                         214.2567                        713                             29.62454                        
9415                            164762.5                        168.7794                        5466                            30.14065                        
10152                           21165.31                        214.2567                        736                             28.75722                        
21454                           337784.7                        168.7794                        11301                           29.8898                         
21920                           13077.76                        168.7794                        463                             28.26105                        
23929                           61904.25                        214.2567                        2008                            30.82881                        
24453                           16089.08                        214.2567                        523                             30.76306                        
27612                           94168.45                        121.6608                        3134                            30.04947                        
29546                           62506.51                        168.7794                        1933                            32.33653                        
31220                           50160.08                        214.2567                        1625                            30.86575                        
31914                           20175.88                        214.2567                        666                             30.30491                        
33901                           61474.05                        168.7794                        1986                            30.9537                         
35513                           45471.01                        214.2567                        1565                            29.04763                        
36478                           30371.37                        214.2567                        964                             31.50557                        
39845                           104579                          214.2567                        3366                            31.06923                        
44385                           132025.1                        168.7794                        4404                            29.98108                        
46318                           60742.73                        257.108                         1932                            31.44034                        
55339                           270804.2                        121.6608                        9020                            30.02264                        
55983                           21939.66                        121.6608                        643                             34.12077                        
62194                           187605.6                        121.6608                        6210                            30.21024                        
63356                           32995.52                        68.63388                        1114                            29.62991                        
64718                           44266.48                        168.7794                        1361                            32.52497                        
65459                           22111.73                        121.6608                        740                             29.88072                        
66297                           22498.9                         168.7794                        791                             28.43808                        
71121                           146866.6                        121.6608                        4823                            30.4513                         
71901                           21896.64                        121.6608                        747                             29.29839                        
73753                           57731.41                        168.7794                        1851                            31.18931                        
87639                           412981.8                        214.2567                        13776                           29.97811                        
88080                           12475.49                        168.7794                        440                             28.35339                        
93296                           152932.3                        68.63388                        5096                            30.00878                        
102623                          279278.9                        214.2567                        9300                            30.0305                         
111641                          264007.2                        68.63388                        8840                            29.86481                        
113054                          45212.9                         121.6608                        1412                            32.02047                        
116049                          89221.27                        121.6608                        2951                            30.23764                        
116826                          22111.73                        68.63388                        773                             28.59617                        
118286                          45212.9                         121.6608                        1448                            31.22513                        
126747                          250929.4                        257.108                         8438                            29.73793                        
127536                          21982.68                        168.7794                        751                             29.25768                        
138696                          338171.8                        1                               11141                           30.35407                        
144681                          181066.7                        1                               5984                            30.25847                        
154708                          297475.9                        68.63388                        9951                            29.89503                        
156817                          66034.06                        68.63388                        2108                            31.32546                        
161386                          132498.3                        68.63388                        4513                            29.35871                        
177126                          470799.2                        168.7794                        15691                           30.00477                        
178156                          33081.56                        121.6608                        1029                            32.14923                        
184899                          202103                          121.6608                        6742                            29.97671                        
187605                          78251.44                        168.7794                        2628                            29.77338                        
194995                          224860                          168.7794                        7389                            30.43172                        
199998                          149146.6                        1                               4945                            30.16118                        
199999                          0                               1                               0                               1                               