1                               0                               1                               0                               1                               
1393                            14095.07                        68.16734                        878                             16.05531                        
1957                            5241.178                        68.16734                        323                             16.21716                        
3241                            12822.41                        68.16734                        751                             17.07118                        
3958                            6965.429                        81.8008                         434                             16.04452                        
4513                            5090.647                        81.8008                         328                             15.5435                         
5179                            6322.256                        68.16734                        407                             15.54314                        
5842                            6376.994                        68.16734                        384                             16.61965                        
6325                            4885.379                        68.16734                        315                             15.53171                        
7150                            8128.615                        68.16734                        495                             16.43319                        
7801                            6226.464                        68.16734                        407                             15.30764                        
8452                            6582.262                        81.8008                         405                             16.23988                        
10327                           19185.72                        68.16734                        1144                            16.76397                        
10921                           5980.143                        81.8008                         391                             15.29815                        
14338                           34854.52                        81.8008                         2123                            16.41923                        
15052                           6267.518                        81.8008                         410                             15.30017                        
15703                           6787.53                         68.16734                        405                             16.74632                        
16177                           4625.374                        81.8008                         297                             15.56043                        
21862                           57475.05                        109.0677                        3541                            16.2333                         
22444                           5761.19                         68.16734                        351                             16.43411                        
24034                           15997.22                        81.8008                         1015                            15.76413                        
25342                           12822.41                        95.43427                        794                             16.14223                        
28939                           35648.22                        68.16734                        2245                            15.87712                        
33475                           43804.2                         95.43427                        2737                            16.00691                        
34108                           6418.048                        81.8008                         387                             16.60196                        
34822                           6938.06                         81.8008                         450                             15.41858                        
35584                           7950.716                        95.43427                        482                             16.50626                        
36385                           8470.729                        81.8008                         510                             16.59315                        
38068                           16749.87                        21.71812                        1042                            16.07223                        
38557                           4502.212                        68.16734                        300                             15.00068                        
41917                           34033.44                        81.8008                         2114                            16.098                          
42451                           5076.963                        81.8008                         338                             15.0386                         
47059                           46445.32                        68.16734                        2823                            16.45229                        
51253                           39917.79                        95.43427                        2551                            15.64966                        
53008                           17488.84                        38.52234                        1080                            16.19901                        
54034                           10496.04                        38.52234                        608                             17.24983                        
59882                           57228.73                        38.52234                        3575                            16.00739                        
60274                           3489.557                        38.52234                        222                             15.69547                        
60994                           7020.167                        38.52234                        456                             15.40376                        
67816                           68696.38                        53.74118                        4206                            16.33206                        
68218                           3626.402                        53.74118                        238                             15.22559                        
68986                           7608.603                        53.74118                        505                             15.07454                        
69868                           8840.211                        81.8008                         541                             16.34797                        
72970                           31597.6                         68.16734                        1946                            16.24084                        
73411                           4077.992                        68.16734                        251                             16.23756                        
74080                           6992.798                        1                               433                             16.1612                         
74494                           4652.743                        81.8008                         270                             17.24027                        
75424                           9223.378                        68.16734                        583                             15.83312                        
75796                           3681.14                         68.16734                        218                             16.88546                        
77569                           18090.96                        68.16734                        1130                            16.00895                        
77983                           4119.045                        68.16734                        277                             14.86588                        
79390                           13561.38                        53.74118                        863                             15.70514                        
80125                           6212.78                         68.16734                        414                             15.00818                        
84854                           46869.54                        68.16734                        2920                            16.05359                        
85555                           6992.798                        1                               414                             16.89247                        
86698                           11070.79                        81.8008                         693                             15.96409                        
87121                           4543.266                        81.8008                         257                             17.68435                        
88204                           10345.51                        68.16734                        655                             15.80484                        
88852                           6992.798                        21.71812                        427                             16.37937                        
91159                           21936.31                        38.52234                        1366                            16.05469                        
92413                           13109.79                        81.8008                         791                             16.5641                         
101854                          95285.43                        1                               5865                            16.24748                        
102604                          6965.429                        38.52234                        463                             15.04582                        
103280                          6992.798                        1                               404                             17.31432                        
103963                          6992.798                        53.74118                        425                             16.43484                        
105466                          14040.33                        38.52234                        934                             15.03087                        
106880                          14054.02                        1                               882                             15.93011                        
107551                          6924.375                        95.43427                        411                             16.84443                        
111112                          35360.84                        38.52234                        2193                            16.12157                        
111751                          7129.644                        81.8008                         421                             16.92843                        
112534                          7129.644                        68.16734                        456                             15.64398                        
118480                          61402.52                        68.16734                        3754                            16.35739                        
120166                          15915.12                        81.8008                         999                             15.93205                        
120922                          7704.394                        81.8008                         454                             16.95872                        
125585                          46568.48                        68.16734                        2892                            16.10146                        
130309                          46636.9                         68.16734                        2907                            16.04518                        
131329                          9332.854                        68.16734                        598                             15.59671                        
137053                          59267.73                        81.8008                         3660                            16.19269                        
139220                          21005.76                        1                               1343                            15.63748                        
141278                          21019.45                        1                               1284                            16.36745                        
143326                          21033.13                        21.71812                        1225                            17.16783                        
149998                          67163.7                         38.52234                        4189                            16.03358                        
149999                          0                               38.52234                        0                               1                               