1                               0                               1                               0                               1                               
1486                            1328.247                        1                               1327                            1.000565                        
2431                            1495.01                         1                               944                             1.583697                        
3176                            746.042                         1                               744                             1.002745                        
4246                            746.042                         1                               746                             1                               
4939                            746.042                         1                               692                             1.078095                        
6081                            1120.526                        1                               1120                            1.000296                        
9489                            2992.945                        1                               2989                            1.00137                         
10868                           1495.01                         1                               1378                            1.084913                        
12010                           1120.526                        1                               1120                            1.000296                        
14080                           2243.977                        1                               2069                            1.084571                        
15277                           1120.526                        1                               1120                            1.000296                        
15803                           746.042                         1                               525                             1.421032                        
16492                           746.042                         1                               688                             1.084363                        
17092                           1120.526                        1                               599                             1.870661                        
17839                           746.042                         1                               746                             1.000056                        
18095                           746.042                         1                               255                             2.925655                        
18749                           1120.526                        1                               653                             1.715966                        
19493                           746.042                         1                               743                             1.004094                        
20453                           746.042                         1                               746                             1                               
20817                           746.042                         1                               363                             2.055212                        
21235                           746.042                         1                               417                             1.78907                         
21926                           746.042                         1                               690                             1.08122                         
22723                           746.042                         1                               746                             1                               
23087                           746.042                         1                               363                             2.055212                        
23688                           1120.526                        1                               600                             1.867543                        
24647                           746.042                         1                               746                             1                               
25682                           1120.526                        1                               1034                            1.083681                        
27294                           746.042                         1                               746                             1                               
28963                           1869.493                        1                               1668                            1.120799                        
32501                           3367.429                        1                               3363                            1.001442                        
34298                           2243.977                        1                               1796                            1.249431                        
35712                           1120.526                        1                               1120                            1.000296                        
37727                           2243.977                        1                               2014                            1.114189                        
38870                           1120.526                        1                               1120                            1.000296                        
39739                           1120.526                        1                               868                             1.290928                        
41427                           1120.526                        1                               1120                            1.000296                        
43046                           1869.493                        1                               1618                            1.155435                        
44044                           1495.01                         1                               997                             1.499508                        
44463                           746.042                         1                               418                             1.784789                        
46679                           1869.493                        1                               1868                            1.000984                        
47660                           1120.526                        1                               980                             1.143394                        
48511                           746.042                         1                               746                             1                               
49203                           746.042                         1                               691                             1.079656                        
49621                           746.042                         1                               417                             1.78907                         
49985                           746.042                         1                               363                             2.055212                        
51017                           1120.526                        1                               1031                            1.086834                        
52757                           1120.526                        1                               1120                            1.000296                        
53411                           1120.526                        1                               653                             1.715966                        
54209                           746.042                         1                               746                             1                               
55715                           746.042                         1                               746                             1                               
57636                           1495.01                         1                               1494                            1.000726                        
59018                           1495.01                         1                               1381                            1.082556                        
59511                           1120.526                        1                               492                             2.277491                        
59930                           746.042                         1                               418                             1.784789                        
60837                           746.042                         1                               746                             1                               
62017                           746.042                         1                               746                             1                               
64048                           1495.01                         1                               1494                            1.000726                        
64737                           746.042                         1                               688                             1.084363                        
65861                           746.042                         1                               746                             1                               
68096                           2243.977                        1                               2234                            1.004466                        
68949                           746.042                         1                               746                             1                               
69639                           746.042                         1                               689                             1.08279                         
70491                           746.042                         1                               746                             1                               
71470                           1120.526                        1                               978                             1.145732                        
71780                           746.042                         1                               309                             2.414375                        
72632                           746.042                         1                               746                             1                               
72942                           746.042                         1                               309                             2.414375                        
73796                           746.042                         1                               746                             1                               
74538                           746.042                         1                               741                             1.006804                        
75715                           746.042                         1                               746                             1                               
76404                           746.042                         1                               688                             1.084363                        
76984                           746.042                         1                               579                             1.288501                        
77836                           746.042                         1                               746                             1                               
78960                           746.042                         1                               746                             1                               
80288                           1495.01                         1                               1327                            1.126609                        
81086                           746.042                         1                               746                             1                               
82049                           746.042                         1                               746                             1                               
83265                           1495.01                         1                               1215                            1.230461                        
86197                           2243.977                        1                               2241                            1.001155                        
88752                           2243.977                        1                               2241                            1.001155                        
89390                           746.042                         1                               637                             1.17118                         
89918                           746.042                         1                               527                             1.415639                        
90878                           746.042                         1                               746                             1                               
92203                           1495.01                         1                               1324                            1.129161                        
94719                           1495.01                         1                               1494                            1.000726                        
95411                           746.042                         1                               691                             1.079656                        
96411                           1495.01                         1                               999                             1.496506                        
96992                           746.042                         1                               580                             1.286279                        
97843                           746.042                         1                               746                             1                               
98317                           746.042                         1                               473                             1.577256                        
99007                           746.042                         1                               689                             1.08279                         
99426                           746.042                         1                               418                             1.784789                        
100591                          1495.01                         1                               1164                            1.284373                        
101228                          746.042                         1                               636                             1.173022                        
102241                          746.042                         1                               746                             1                               
103460                          1495.01                         1                               1218                            1.22743                         
103878                          746.042                         1                               417                             1.78907                         
104619                          746.042                         1                               740                             1.008165                        
105146                          746.042                         1                               526                             1.418331                        
105618                          746.042                         1                               471                             1.583953                        
106306                          746.042                         1                               687                             1.085942                        
106833                          746.042                         1                               526                             1.418331                        
108589                          1495.01                         1                               1494                            1.000726                        
109550                          746.042                         1                               746                             1                               
110621                          746.042                         1                               746                             1                               
111147                          746.042                         1                               525                             1.421032                        
112363                          1495.01                         1                               1215                            1.230461                        
113200                          1495.01                         1                               836                             1.788289                        
114487                          746.042                         1                               746                             1                               
115505                          746.042                         1                               746                             1                               
116196                          746.042                         1                               690                             1.08122                         
118500                          1495.01                         1                               1494                            1.000726                        
119720                          1495.01                         1                               1219                            1.226423                        
120720                          1495.01                         1                               999                             1.496506                        
121843                          746.042                         1                               746                             1                               
122749                          746.042                         1                               746                             1                               
124291                          1495.01                         1                               1494                            1.000726                        
125200                          746.042                         1                               746                             1                               
125782                          746.042                         1                               581                             1.284065                        
126744                          746.042                         1                               746                             1                               
127961                          1495.01                         1                               1216                            1.229449                        
128652                          746.042                         1                               690                             1.08122                         
130156                          746.042                         1                               746                             1                               
131535                          1495.01                         1                               1378                            1.084913                        
134692                          2243.977                        1                               2241                            1.001155                        
135327                          746.042                         1                               634                             1.176722                        
136396                          746.042                         1                               746                             1                               
137086                          746.042                         1                               689                             1.08279                         
137558                          746.042                         1                               471                             1.583953                        
140334                          2243.977                        1                               2241                            1.001155                        
142838                          2243.977                        1                               2241                            1.001155                        
143978                          1120.526                        1                               1120                            1.000296                        
144632                          1120.526                        1                               653                             1.715966                        
146430                          2243.977                        1                               1797                            1.248735                        
148448                          2243.977                        1                               2017                            1.112532                        
149319                          1120.526                        1                               870                             1.287961                        
150408                          1120.526                        1                               1088                            1.029895                        
151281                          1120.526                        1                               872                             1.285007                        
152531                          1120.526                        1                               1120                            1.000296                        
154053                          1120.526                        1                               1120                            1.000296                        
155033                          1120.526                        1                               979                             1.144562                        
156502                          1120.526                        1                               1120                            1.000296                        
159165                          2243.977                        1                               2241                            1.001155                        
160197                          1120.526                        1                               1031                            1.086834                        
161663                          1120.526                        1                               1120                            1.000296                        
163840                          1120.526                        1                               1120                            1.000296                        
164440                          1120.526                        1                               599                             1.870661                        
165149                          1120.526                        1                               708                             1.582664                        
166291                          1120.526                        1                               1120                            1.000296                        
172661                          5614.332                        1                               5605                            1.001671                        
174474                          1495.01                         1                               1494                            1.000726                        
175692                          1495.01                         1                               1217                            1.228438                        
176639                          1495.01                         1                               946                             1.580348                        
178451                          1495.01                         1                               1494                            1.000726                        
179180                          1495.01                         1                               728                             2.053585                        
180614                          1495.01                         1                               1433                            1.043273                        
182699                          1495.01                         1                               1494                            1.000726                        
186166                          2992.945                        1                               2989                            1.00137                         
188277                          2992.945                        1                               2110                            1.418457                        
190360                          1495.01                         1                               1494                            1.000726                        
192225                          1495.01                         1                               1494                            1.000726                        
193605                          1495.01                         1                               1379                            1.084126                        
195747                          1495.01                         1                               1494                            1.000726                        
196801                          1495.01                         1                               1053                            1.419762                        
198288                          1495.01                         1                               1486                            1.006063                        
199180                          1495.01                         1                               891                             1.677901                        
199918                          883.5477                        1                               737                             1.198844                        
199919                          0                               1                               0                               1                               