1.00                            0                               1                               0                               1                               
4.94                            3065.956                        41.108                          410                             7.479986                        
10.98                           4928.551                        41.108                          612                             8.058499                        
19.08                           6257.481                        62.54905                        778                             8.044901                        
23.59                           3317.093                        41.108                          419                             7.912415                        
28.46                           3798.438                        41.108                          470                             8.087744                        
34.97                           5200.615                        41.108                          653                             7.968027                        
41.32                           5232.007                        41.108                          610                             8.580873                        
74.06                           26578.6                         41.108                          3346                            7.943704                        
82.31                           7335.274                        41.108                          894                             8.208538                        
88.98                           5326.184                        41.108                          655                             8.13713                         
93.97                           3777.509                        41.108                          505                             7.478154                        
106.38                          9689.678                        41.108                          1174                            8.255203                        
109.45                          2291.619                        41.108                          315                             7.283382                        
115.31                          4823.911                        41.108                          582                             8.292583                        
120.42                          3861.221                        52.12421                        483                             7.998765                        
128.02                          6299.337                        52.12421                        752                             8.380432                        
134.62                          5200.615                        41.108                          660                             7.877857                        
139.98                          4384.422                        41.108                          522                             8.400107                        
143.25                          2448.58                         52.12421                        313                             7.828715                        
154.14                          8559.564                        41.108                          1079                            7.936436                        
157.86                          2626.468                        41.108                          348                             7.541799                        
162.60                          3965.862                        52.12421                        496                             7.998899                        
165.77                          2563.684                        41.108                          313                             8.196732                        
169.84                          3013.636                        52.12421                        397                             7.594576                        
172.82                          2427.651                        52.12421                        311                             7.80843                         
187.83                          12755.63                        29.50043                        1534                            8.314047                        
219.78                          25354.31                        52.12421                        3211                            7.895103                        
228.25                          6581.865                        52.12421                        843                             7.805928                        
233.20                          3976.326                        62.54905                        516                             7.700903                        
236.27                          2668.324                        16.71014                        313                             8.531292                        
247.22                          8863.021                        52.12421                        1118                            7.92944                         
253.18                          4782.055                        52.12421                        584                             8.194322                        
260.44                          5985.417                        62.54905                        740                             8.08331                         
264.18                          2657.86                         52.12421                        326                             8.156879                        
270.89                          5347.112                        29.50043                        686                             7.791176                        
289.38                          14743.8                         29.50043                        1783                            8.270823                        
292.85                          2668.324                        16.71014                        345                             7.74506                         
297.74                          4007.718                        16.71014                        477                             8.399736                        
303.18                          4101.894                        29.50043                        518                             7.915459                        
313.63                          8433.996                        29.50043                        1022                            8.24853                         
336.69                          17924.86                        41.108                          2279                            7.863751                        
341.06                          3903.078                        41.108                          481                             8.116877                        
347.79                          5545.928                        41.108                          683                             8.12509                         
357.00                          7167.85                         52.12421                        890                             8.054852                        
365.91                          7450.378                        52.12421                        909                             8.200236                        
393.40                          21482.62                        41.108                          2728                            7.875815                        
400.43                          5085.511                        52.12421                        660                             7.703498                        
402.74                          1893.987                        41.108                          232                             8.147614                        
408.42                          4164.678                        41.108                          556                             7.496273                        
426.88                          14827.51                        41.108                          1844                            8.039812                        
430.83                          2835.748                        41.108                          361                             7.848116                        
437.78                          5838.92                         52.12421                        712                             8.195539                        
442.17                          3557.765                        41.108                          458                             7.760464                        
447.26                          3746.117                        52.12421                        481                             7.790461                        
457.05                          8025.899                        16.71014                        1021                            7.863772                        
463.53                          5326.184                        29.50043                        641                             8.302969                        
505.14                          33087.21                        16.71014                        4145                            7.981991                        
522.59                          13529.97                        29.50043                        1695                            7.983006                        
528.54                          5347.112                        16.71014                        662                             8.076918                        
552.18                          19159.61                        29.50043                        2401                            7.980421                        
555.93                          2731.108                        29.50043                        363                             7.51965                         
571.55                          12745.17                        41.108                          1529                            8.337675                        
582.09                          8078.22                         41.108                          1021                            7.915036                        
589.41                          5870.313                        41.108                          774                             7.583558                        
593.64                          3107.813                        52.12421                        387                             8.020659                        
597.19                          2929.924                        41.108                          354                             8.279947                        
619.22                          17286.55                        41.108                          2166                            7.982706                        
636.94                          14827.51                        16.71014                        1831                            8.097212                        
690.35                          42515.29                        29.50043                        5320                            7.991597                        
693.85                          2961.316                        52.12421                        345                             8.595498                        
708.53                          11792.94                        16.71014                        1461                            8.069689                        
723.15                          12044.08                        29.50043                        1514                            7.956808                        
743.55                          16051.8                         29.50043                        2035                            7.88878                         
748.23                          3997.254                        16.71014                        483                             8.280564                        
764.07                          12106.87                        16.71014                        1525                            7.939508                        
773.84                          8025.899                        16.71014                        994                             8.070533                        
794.49                          16135.51                        29.50043                        1986                            8.123795                        
805.14                          8172.396                        16.71014                        1050                            7.779531                        
825.82                          17045.88                        52.12421                        2143                            7.953887                        
857.89                          25490.34                        16.71014                        3191                            7.988567                        
864.04                          5347.112                        16.71014                        641                             8.335593                        
870.68                          5336.647                        16.71014                        683                             7.818482                        
876.57                          4248.39                         41.108                          537                             7.912966                        
893.85                          13760.18                        1                               1706                            8.065506                        
952.14                          46711.36                        1                               5822                            8.022695                        
959.42                          5399.432                        41.108                          694                             7.782692                        
972.46                          10704.69                        16.71014                        1308                            8.182519                        
999.98                          21534.94                        1                               2730                            7.889594                        
999.99                          6.966959                        1                               1                               8.029479                        