1                               0                               104.1459                        0                               1                               
59                              5153.003                        52.07293                        57                              90.40356                        
111                             3344.749                        62.48751                        51                              65.58331                        
161                             3616.509                        62.48751                        49                              73.80631                        
207                             4128.674                        104.1459                        45                              91.74831                        
238                             3229.773                        156.2188                        30                              107.6591                        
266                             3606.057                        104.1459                        27                              133.5577                        
323                             6020.547                        93.73126                        56                              107.5098                        
447                             6386.379                        62.48751                        123                             51.92178                        
486                             3041.631                        72.90209                        38                              80.04292                        
604                             8978.56                         93.73126                        117                             76.73982                        
635                             3282.034                        114.5604                        30                              109.4011                        
714                             10420.98                        114.5604                        78                              133.6023                        
806                             6605.878                        52.07293                        91                              72.59207                        
890                             5121.646                        52.07293                        83                              61.70658                        
1005                            4337.721                        93.73126                        114                             38.05018                        
1038                            3626.962                        114.5604                        32                              113.3426                        
1067                            3909.175                        135.3896                        28                              139.6134                        
1097                            3355.201                        104.1459                        29                              115.6966                        
1150                            3794.199                        52.07293                        52                              72.96537                        
1244                            5696.525                        83.31668                        93                              61.25296                        
1276                            2863.941                        114.5604                        31                              92.38519                        
1304                            3052.083                        114.5604                        27                              113.0401                        
1367                            6365.475                        83.31668                        62                              102.6689                        
1432                            3010.274                        62.48751                        64                              47.03553                        
1498                            4024.151                        104.1459                        65                              61.91001                        
1545                            4389.982                        93.73126                        46                              95.4344                         
1682                            10055.15                        104.1459                        136                             73.93493                        
1794                            13713.47                        93.73126                        111                             123.5448                        
1834                            2916.203                        93.73126                        39                              74.77443                        
1886                            4557.22                         124.975                         51                              89.35725                        
1919                            3219.321                        93.73126                        32                              100.6038                        
1966                            3376.105                        41.06762                        46                              73.3936                         
2040                            4003.246                        72.90209                        73                              54.83899                        
2089                            3282.034                        62.48751                        48                              68.37572                        
2132                            3470.177                        72.90209                        42                              82.62325                        
2186                            3491.081                        29.4716                         53                              65.86946                        
2244                            2508.561                        72.90209                        57                              44.00985                        
2291                            3595.605                        114.5604                        46                              78.16532                        
2326                            3407.463                        104.1459                        34                              100.2195                        
2352                            2194.991                        83.31668                        25                              87.79965                        
2473                            9281.677                        62.48751                        120                             77.34731                        
2504                            2905.75                         83.31668                        30                              96.85835                        
2535                            2654.894                        83.31668                        30                              88.49647                        
2589                            3825.556                        72.90209                        53                              72.18031                        
2652                            4003.246                        83.31668                        62                              64.56848                        
2709                            5351.598                        114.5604                        56                              95.56424                        
2733                            2811.679                        145.8042                        23                              122.2469                        
2754                            2644.442                        135.3896                        20                              132.2221                        
2779                            2633.99                         93.73126                        24                              109.7496                        
2808                            2665.346                        93.73126                        28                              95.19095                        
2889                            4389.982                        29.4716                         80                              54.87478                        
2942                            2654.894                        83.31668                        52                              51.05566                        
3010                            5978.738                        93.73126                        67                              89.23489                        
3086                            5633.811                        83.31668                        75                              75.11748                        
3134                            3961.437                        104.1459                        47                              84.28588                        
3180                            5529.288                        124.975                         45                              122.8731                        
3221                            5309.788                        114.5604                        40                              132.7447                        
3238                            1850.064                        104.1459                        16                              115.629                         
3298                            4065.96                         72.90209                        59                              68.91457                        
3390                            5435.216                        41.06762                        91                              59.72765                        
3489                            2623.537                        62.48751                        98                              26.77079                        
3528                            2958.012                        124.975                         38                              77.84242                        
3552                            3114.797                        145.8042                        23                              135.426                         
3581                            4003.246                        114.5604                        28                              142.9731                        
3605                            2644.442                        114.5604                        23                              114.9757                        
3666                            4003.246                        72.90209                        60                              66.72076                        
3750                            6145.976                        62.48751                        83                              74.0479                         
3790                            3334.296                        104.1459                        39                              85.49477                        
3850                            7003.067                        93.73126                        59                              118.6961                        
3885                            2728.061                        62.48751                        34                              80.23708                        
3950                            2665.346                        62.48751                        64                              41.64604                        
4002                            3459.724                        62.48751                        51                              67.83773                        
4032                            2832.584                        114.5604                        29                              97.67531                        
4098                            4996.218                        62.48751                        65                              76.86489                        
4163                            3992.793                        104.1459                        64                              62.3874                         
4203                            3888.27                         124.975                         39                              99.69923                        
4308                            12281.5                         93.73126                        104                             118.0913                        
4355                            4034.603                        72.90209                        46                              87.70876                        
4428                            6940.353                        93.73126                        72                              96.39379                        
4482                            3783.747                        29.4716                         53                              71.39145                        
4528                            2121.825                        62.48751                        45                              47.15166                        
4588                            3553.795                        52.07293                        59                              60.23382                        
4654                            4912.6                          83.31668                        65                              75.57845                        
4738                            4661.743                        52.07293                        83                              56.16558                        
4804                            5288.884                        114.5604                        65                              81.36744                        
4830                            2623.537                        104.1459                        25                              104.9415                        
4860                            2665.346                        93.73126                        29                              91.9085                         
4936                            5309.788                        72.90209                        75                              70.79718                        
4984                            3940.532                        83.31668                        47                              83.8411                         
5043                            5299.336                        72.90209                        58                              91.36786                        
5174                            8435.038                        83.31668                        130                             64.8849                         
5226                            5267.979                        124.975                         51                              103.2937                        
5244                            2644.442                        166.6334                        17                              155.5554                        
5263                            2623.537                        114.5604                        18                              145.7521                        
5324                            5738.334                        62.48751                        60                              95.6389                         
5378                            2895.298                        41.06762                        53                              54.62826                        
5436                            2863.941                        62.48751                        57                              50.24458                        
5505                            5341.146                        72.90209                        68                              78.54626                        
5543                            2717.608                        83.31668                        37                              73.44887                        
5578                            2644.442                        93.73126                        34                              77.7777                         
5606                            2654.894                        114.5604                        27                              98.32941                        
5631                            2592.18                         124.975                         24                              108.0075                        
5697                            8069.206                        124.975                         65                              124.1416                        
5766                            6334.118                        62.48751                        68                              93.14879                        
5815                            2654.894                        62.48751                        48                              55.3103                         
5879                            3877.818                        72.90209                        63                              61.55266                        
6011                            5278.431                        83.31668                        131                             40.29337                        
6101                            10734.55                        104.1459                        89                              120.6129                        
6132                            2623.537                        62.48751                        30                              87.45124                        
6179                            2665.346                        72.90209                        46                              57.94231                        
6258                            5602.454                        83.31668                        78                              71.82633                        
6310                            5247.074                        124.975                         51                              102.8838                        
6332                            2675.799                        114.5604                        21                              127.419                         
6400                            5330.693                        52.07293                        67                              79.56258                        
6454                            2644.442                        41.06762                        53                              49.89513                        
6539                            6658.14                         93.73126                        84                              79.26357                        
6580                            2665.346                        41.06762                        40                              66.63366                        
6632                            2696.703                        62.48751                        51                              52.87654                        
6694                            6355.022                        135.3896                        61                              104.1807                        
6713                            2613.085                        156.2188                        18                              145.1714                        
6762                            5968.286                        93.73126                        48                              124.3393                        
6794                            2863.941                        72.90209                        31                              92.38519                        
6828                            2644.442                        93.73126                        33                              80.1346                         
6864                            3198.416                        72.90209                        35                              91.38331                        
6946                            6773.116                        72.90209                        81                              83.61871                        
6984                            2759.417                        52.07293                        37                              74.57885                        
7057                            3982.341                        62.48751                        72                              55.3103                         
7164                            7389.804                        72.90209                        106                             69.71513                        
7237                            3992.793                        62.48751                        72                              55.45547                        
7289                            3961.437                        93.73126                        51                              77.67522                        
7328                            3919.627                        104.1459                        38                              103.1481                        
7374                            3992.793                        93.73126                        45                              88.72874                        
7438                            3982.341                        52.07293                        63                              63.21177                        
7481                            3930.08                         104.1459                        42                              93.57332                        
7522                            4003.246                        93.73126                        40                              100.0811                        
7635                            8016.944                        52.07293                        112                             71.57986                        
7695                            3940.532                        104.1459                        59                              66.78867                        
7732                            3888.27                         135.3896                        36                              108.0075                        
7762                            3971.889                        114.5604                        29                              136.9617                        
7803                            3961.437                        93.73126                        40                              99.03591                        
7858                            3982.341                        62.48751                        54                              73.74706                        
7982                            8006.492                        72.90209                        123                             65.09343                        
8037                            3971.889                        83.31668                        54                              73.5535                         
8089                            4275.007                        93.73126                        51                              83.82366                        
8161                            8079.658                        124.975                         71                              113.798                         
8205                            5278.431                        124.975                         43                              122.7542                        
8251                            3971.889                        62.48751                        45                              88.2642                         
8323                            3992.793                        62.48751                        71                              56.23653                        
8390                            5038.027                        62.48751                        66                              76.33375                        
8506                            3992.793                        83.31668                        115                             34.71994                        
8544                            3950.984                        124.975                         37                              106.7834                        
8576                            4275.007                        124.975                         31                              137.9034                        
8627                            4975.313                        83.31668                        50                              99.50627                        
8762                            9062.178                        104.1459                        134                             67.6282                         
8813                            5288.884                        104.1459                        50                              105.7777                        
8854                            3992.793                        72.90209                        40                              99.81984                        
8941                            5320.241                        62.48751                        86                              61.86326                        
9018                            5299.336                        83.31668                        76                              69.7281                         
9072                            4494.506                        62.48751                        53                              84.80199                        
9140                            3950.984                        104.1459                        67                              58.96991                        
9188                            4933.504                        135.3896                        47                              104.9682                        
9226                            5247.074                        114.5604                        37                              141.8128                        
9274                            5257.526                        104.1459                        47                              111.8623                        
9341                            5257.526                        93.73126                        66                              79.65949                        
9399                            5267.979                        83.31668                        57                              92.42068                        
9468                            5341.146                        72.90209                        68                              78.54626                        
9624                            10671.84                        72.90209                        155                             68.85057                        
9731                            5539.74                         62.48751                        106                             52.2617                         
9802                            5299.336                        93.73126                        70                              75.7048                         
9863                            5278.431                        104.1459                        60                              87.97385                        
9999                            10546.41                        114.5604                        135                             78.12156                        
10000                           0                               104.1459                        0                               1                               