10-102-116-6785                 0                               1                               0                               1                               
10-170-124-1414                 30                              1                               30                              1                               
10-375-719-8227                 100                             1                               100                             1                               
10-428-669-8316                 25                              1                               25                              1                               
10-487-644-5662                 31                              1                               31                              1                               
10-592-410-7303                 40                              1                               40                              1                               
10-723-759-3094                 63                              1                               63                              1                               
10-783-712-7597                 31                              1                               31                              1                               
10-874-309-9056                 31                              1                               31                              1                               
11-113-216-9762                 63                              1                               63                              1                               
11-235-588-6823                 47                              1                               47                              1                               
11-386-956-2273                 63                              1                               63                              1                               
11-515-919-7083                 63                              1                               63                              1                               
11-562-658-6307                 31                              1                               31                              1                               
11-703-493-8571                 47                              1                               47                              1                               
11-776-129-4391                 31                              1                               31                              1                               
11-822-433-3967                 31                              1                               31                              1                               
11-887-652-3799                 31                              1                               31                              1                               
11-980-238-8041                 47                              1                               47                              1                               
12-213-618-9500                 63                              1                               63                              1                               
12-327-575-4331                 47                              1                               47                              1                               
12-456-585-6521                 63                              1                               63                              1                               
12-577-715-7323                 47                              1                               47                              1                               
12-900-269-8590                 127                             1                               127                             1                               
13-124-425-5571                 63                              1                               63                              1                               
13-198-773-9673                 31                              1                               31                              1                               
13-281-349-4224                 47                              1                               47                              1                               
13-367-994-6705                 31                              1                               31                              1                               
13-477-872-1285                 47                              1                               47                              1                               
13-546-747-5121                 31                              1                               31                              1                               
13-742-946-1486                 95                              1                               95                              1                               
13-817-490-5383                 31                              1                               31                              1                               
13-952-431-4864                 63                              1                               63                              1                               
14-128-328-2874                 31                              1                               31                              1                               
14-263-397-4453                 63                              1                               63                              1                               
14-403-491-4192                 63                              1                               63                              1                               
14-502-949-1661                 47                              1                               47                              1                               
14-637-776-3429                 63                              1                               63                              1                               
14-723-980-1437                 47                              1                               47                              1                               
14-809-367-4496                 31                              1                               31                              1                               
14-961-472-9331                 63                              1                               63                              1                               
15-194-649-4415                 63                              1                               63                              1                               
15-452-488-8513                 95                              1                               95                              1                               
15-554-965-5719                 47                              1                               47                              1                               
15-648-846-4789                 31                              1                               31                              1                               
15-776-230-3663                 47                              1                               47                              1                               
15-826-899-7652                 31                              1                               31                              1                               
15-922-885-1259                 47                              1                               47                              1                               
16-135-705-4908                 47                              1                               47                              1                               
16-275-849-2485                 63                              1                               63                              1                               
16-504-669-7466                 95                              1                               95                              1                               
16-601-220-5489                 47                              1                               47                              1                               
16-663-439-9561                 31                              1                               31                              1                               
16-769-448-3298                 47                              1                               47                              1                               
16-847-601-2480                 31                              1                               31                              1                               
16-970-884-2915                 47                              1                               47                              1                               
17-128-996-4650                 31                              1                               31                              1                               
17-479-239-9670                 143                             1                               143                             1                               
17-564-249-1981                 31                              1                               31                              1                               
17-781-309-7819                 95                              1                               95                              1                               
17-899-899-7619                 63                              1                               63                              1                               
18-147-424-5181                 63                              1                               63                              1                               
18-222-364-6257                 31                              1                               31                              1                               
18-380-541-6284                 63                              1                               63                              1                               
18-505-494-6786                 63                              1                               63                              1                               
18-561-292-3628                 31                              1                               31                              1                               
18-686-104-8796                 63                              1                               63                              1                               
18-902-583-3116                 95                              1                               95                              1                               
18-956-814-3457                 31                              1                               31                              1                               
19-145-227-9425                 31                              1                               31                              1                               
19-284-572-4702                 63                              1                               63                              1                               
19-362-745-1503                 31                              1                               31                              1                               
19-482-239-6669                 63                              1                               63                              1                               
19-630-483-6872                 63                              1                               63                              1                               
19-685-242-4442                 31                              1                               31                              1                               
19-922-350-7889                 95                              1                               95                              1                               
20-159-474-2886                 63                              1                               63                              1                               
20-315-592-9023                 63                              1                               63                              1                               
20-377-181-7435                 31                              1                               31                              1                               
20-506-646-1828                 63                              1                               63                              1                               
20-658-969-9153                 63                              1                               63                              1                               
20-919-155-3978                 95                              1                               95                              1                               
20-990-606-7343                 31                              1                               31                              1                               
21-208-115-2881                 63                              1                               63                              1                               
21-265-852-9504                 31                              1                               31                              1                               
21-395-309-3477                 63                              1                               63                              1                               
21-610-199-4406                 95                              1                               95                              1                               
21-874-773-1649                 127                             1                               127                             1                               
21-937-225-8778                 31                              1                               31                              1                               
22-185-107-2267                 63                              1                               63                              1                               
22-243-449-9368                 31                              1                               31                              1                               
22-376-168-3177                 63                              1                               63                              1                               
22-544-951-5366                 63                              1                               63                              1                               
22-602-344-5759                 31                              1                               31                              1                               
22-788-900-8919                 63                              1                               63                              1                               
22-952-157-3033                 63                              1                               63                              1                               
23-116-403-1145                 31                              1                               31                              1                               
23-258-764-5430                 63                              1                               63                              1                               
23-514-712-7839                 95                              1                               95                              1                               
23-594-493-2109                 31                              1                               31                              1                               
23-934-730-2446                 127                             1                               127                             1                               
23-997-713-8734                 31                              1                               31                              1                               
24-170-743-2189                 31                              1                               31                              1                               
24-231-209-5210                 31                              1                               31                              1                               
24-368-918-1957                 63                              1                               63                              1                               
24-503-782-1114                 63                              1                               63                              1                               
24-587-852-3767                 31                              1                               31                              1                               
24-838-589-7861                 95                              1                               95                              1                               
24-968-475-6184                 47                              1                               47                              1                               
25-205-843-3592                 47                              1                               47                              1                               
25-891-797-9185                 287                             1                               287                             1                               
26-104-841-3792                 47                              1                               47                              1                               
26-193-398-8891                 47                              1                               47                              1                               
26-495-903-2607                 143                             1                               143                             1                               
26-605-455-9355                 47                              1                               47                              1                               
26-956-868-8243                 143                             1                               143                             1                               
27-134-141-5401                 47                              1                               47                              1                               
27-509-980-9173                 191                             1                               191                             1                               
27-586-282-7422                 47                              1                               47                              1                               
27-733-901-7416                 47                              1                               47                              1                               
27-852-513-4637                 47                              1                               47                              1                               
28-110-804-3016                 63                              1                               63                              1                               
28-348-356-3747                 127                             1                               127                             1                               
28-501-398-5271                 63                              1                               63                              1                               
28-791-798-9886                 127                             1                               127                             1                               
28-958-693-2899                 63                              1                               63                              1                               
29-203-826-7991                 63                              1                               63                              1                               
29-594-566-5925                 191                             1                               191                             1                               
29-927-347-5184                 127                             1                               127                             1                               
30-154-456-1570                 63                              1                               63                              1                               
30-283-261-2020                 63                              1                               63                              1                               
30-429-470-7719                 63                              1                               63                              1                               
30-561-375-9120                 63                              1                               63                              1                               
30-700-119-4521                 63                              1                               63                              1                               
30-863-795-9838                 63                              1                               63                              1                               
31-132-516-6122                 63                              1                               63                              1                               
31-267-164-9506                 63                              1                               63                              1                               
31-408-388-3157                 63                              1                               63                              1                               
31-559-796-5693                 63                              1                               63                              1                               
31-720-373-2830                 63                              1                               63                              1                               
31-979-362-1298                 127                             1                               127                             1                               
32-230-963-7050                 63                              1                               63                              1                               
32-389-834-9741                 63                              1                               63                              1                               
32-529-182-5023                 63                              1                               63                              1                               
32-783-627-3731                 127                             1                               127                             1                               
32-950-749-3092                 63                              1                               63                              1                               
33-173-673-9553                 63                              1                               63                              1                               
33-304-497-5207                 63                              1                               63                              1                               
33-579-343-9586                 127                             1                               127                             1                               
33-905-472-5059                 127                             1                               127                             1                               
34-178-282-5651                 63                              1                               63                              1                               
34-331-890-4202                 63                              1                               63                              1                               
34-466-917-6708                 63                              1                               63                              1                               
34-651-991-4386                 63                              1                               63                              1                               
34-784-374-6875                 63                              1                               63                              1                               
34-917-831-9173                 63                              1                               63                              1                               
34-998-900-4911                 39                              1                               39                              1                               