-998.22                         0                               1                               0                               1                               
-940.61                         46                              1                               46                              1                               
-828.50                         110                             1                               110                             1                               
-801.65                         31                              1                               31                              1                               
-690.66                         104                             1                               104                             1                               
-652.73                         31                              1                               31                              1                               
-602.68                         31                              1                               31                              1                               
-542.48                         63                              1                               63                              1                               
-478.87                         47                              1                               47                              1                               
-209.99                         239                             1                               239                             1                               
-192.70                         19                              2                               19                              1                               
-111.84                         62                              2                               62                              1                               
-60.23                          47                              1                               47                              1                               
3.44                            47                              1                               47                              1                               
22.77                           31                              1                               31                              1                               
96.69                           63                              1                               63                              1                               
136.55                          31                              1                               31                              1                               
157.21                          18                              1                               17                              1.058824                        
258.33                          94                              2                               94                              1                               
360.76                          95                              1                               95                              1                               
405.68                          39                              2                               39                              1                               
468.59                          63                              1                               63                              1                               
503.29                          24                              2                               24                              1                               
541.97                          39                              2                               39                              1                               
679.49                          127                             1                               127                             1                               
764.43                          63                              1                               63                              1                               
797.65                          31                              1                               31                              1                               
877.77                          63                              1                               63                              1                               
906.07                          31                              1                               31                              1                               
1042.95                         111                             1                               111                             1                               
1121.19                         79                              1                               79                              1                               
1202.46                         63                              1                               63                              1                               
1380.58                         186                             2                               186                             1                               
1535.08                         127                             1                               127                             1                               
1578.18                         47                              1                               47                              1                               
1630.21                         47                              1                               47                              1                               
1710.29                         58                              2                               58                              1                               
1760.34                         38                              2                               38                              1                               
1882.86                         95                              1                               95                              1                               
1910.03                         31                              1                               31                              1                               
1960.39                         47                              1                               47                              1                               
2009.27                         31                              1                               31                              1                               
2087.25                         79                              1                               79                              1                               
2150.49                         47                              1                               47                              1                               
2194.84                         47                              1                               47                              1                               
2250.74                         47                              1                               47                              1                               
2280.16                         31                              1                               31                              1                               
2333.32                         47                              1                               47                              1                               
2512.41                         159                             1                               159                             1                               
2577.65                         52                              2                               52                              1                               
2709.83                         111                             2                               111                             1                               
2780.91                         63                              1                               63                              1                               
2808.75                         31                              1                               31                              1                               
2928.64                         110                             2                               110                             1                               
2999.92                         63                              1                               63                              1                               
3023.21                         24                              2                               24                              1                               
3090.61                         63                              1                               63                              1                               
3119.05                         31                              1                               31                              1                               
3248.54                         127                             1                               127                             1                               
3454.19                         175                             1                               174                             1.005747                        
3498.39                         47                              2                               46                              1.021739                        
3533.30                         31                              1                               31                              1                               
3665.07                         127                             1                               127                             1                               
3690.55                         28                              2                               28                              1                               
3844.28                         127                             1                               127                             1                               
3874.91                         31                              1                               31                              1                               
3991.55                         95                              1                               95                              1                               
4083.43                         63                              1                               63                              1                               
4158.63                         63                              1                               63                              1                               
4210.77                         49                              2                               49                              1                               
4322.70                         95                              1                               95                              1                               
4404.29                         95                              1                               95                              1                               
4552.61                         111                             1                               110                             1.009091                        
4624.13                         63                              1                               63                              1                               
4651.06                         31                              1                               31                              1                               
4760.75                         95                              1                               95                              1                               
4856.11                         63                              1                               63                              1                               
4875.65                         22                              2                               22                              1                               
4921.83                         47                              1                               46                              1.021739                        
4992.53                         63                              1                               63                              1                               
5015.18                         31                              1                               31                              1                               
5056.60                         31                              1                               31                              1                               
5081.76                         31                              1                               31                              1                               
5167.00                         79                              1                               78                              1.01282                         
5284.30                         127                             1                               127                             1                               
5326.03                         31                              1                               31                              1                               
5377.05                         47                              1                               47                              1                               
5418.37                         31                              1                               30                              1.033333                        
5510.68                         95                              1                               95                              1                               
5565.03                         47                              1                               47                              1                               
5656.44                         95                              1                               95                              1                               
5718.36                         47                              1                               47                              1                               
5799.04                         79                              1                               78                              1.01282                         
5906.85                         95                              1                               95                              1                               
5968.71                         45                              2                               45                              1                               
6054.66                         95                              1                               95                              1                               
6144.47                         82                              1                               81                              1.012346                        
6183.73                         47                              1                               47                              1                               
6249.49                         47                              1                               47                              1                               
6305.29                         47                              1                               47                              1                               
6375.47                         47                              1                               47                              1                               
6423.33                         47                              1                               47                              1                               
6468.35                         31                              1                               30                              1.033333                        
6544.82                         79                              1                               78                              1.01282                         
6595.71                         47                              1                               47                              1                               
6663.04                         47                              1                               47                              1                               
6702.07                         31                              1                               30                              1.033333                        
6746.48                         47                              1                               47                              1                               
6796.08                         47                              1                               47                              1                               
6937.76                         111                             1                               111                             1                               
7079.18                         127                             1                               127                             1                               
7192.13                         114                             2                               114                             1                               
7271.07                         63                              1                               63                              1                               
7513.27                         239                             1                               238                             1.004202                        
7584.64                         63                              1                               63                              1                               
7643.78                         63                              1                               63                              1                               
7774.48                         111                             1                               110                             1.009091                        
7896.01                         125                             2                               125                             1                               
8179.68                         255                             1                               255                             1                               
8548.11                         303                             1                               302                             1.003311                        
8591.14                         47                              1                               46                              1.021739                        
8638.36                         47                              1                               46                              1.021739                        
8715.41                         63                              1                               63                              1                               
8847.12                         127                             1                               127                             1                               
8995.48                         127                             1                               127                             1                               
9032.45                         47                              1                               46                              1.021739                        
9094.47                         63                              1                               63                              1                               
9145.11                         47                              1                               46                              1.021739                        
9189.82                         47                              2                               45                              1.044444                        
9268.38                         63                              1                               63                              1                               
9318.43                         47                              1                               46                              1.021739                        
9393.55                         63                              1                               63                              1                               
9480.47                         63                              1                               63                              1                               
9542.56                         63                              1                               63                              1                               
9594.51                         63                              1                               63                              1                               
9727.49                         111                             1                               110                             1.009091                        
9836.93                         111                             1                               110                             1.009091                        
9923.08                         63                              1                               63                              1                               
9998.20                         49                              1                               49                              1                               
9999.72                         0                               1                               0                               1                               