0                               0                               420                             0                               1                               
1                               0                               413                             0                               1                               
2                               0                               397                             0                               1                               
3                               0                               412                             0                               1                               
4                               0                               415                             0                               1                               
5                               0                               380                             0                               1                               
6                               0                               402                             0                               1                               
7                               0                               396                             0                               1                               
8                               0                               415                             0                               1                               
9                               0                               405                             0                               1                               
10                              0                               393                             0                               1                               
11                              0                               438                             0                               1                               
12                              0                               377                             0                               1                               
13                              0                               362                             0                               1                               
14                              0                               376                             0                               1                               
15                              0                               373                             0                               1                               
16                              0                               406                             0                               1                               
17                              0                               421                             0                               1                               
18                              0                               407                             0                               1                               
19                              0                               398                             0                               1                               
20                              0                               411                             0                               1                               
21                              0                               399                             0                               1                               
22                              0                               401                             0                               1                               
23                              0                               390                             0                               1                               
24                              0                               393                             0                               1                               