1			0			1			0			1.0
84385			1990			1			1990			1.0
103841			511			1			511			1.0
275649			4095			1			4095			1.0
295267			511			1			511			1.0
414819			2815			1			2815			1.0
690561			6655			1			6655			1.0
744096			1273			1			1273			1.0
834631			2246			1			2246			1.0
989955			3583			1			3583			1.0
1043077			1279			1			1279			1.0
1066338			511			1			511			1.0
1129092			1535			1			1535			1.0
1384196			5887			1			5887			1.0
1473761			2047			1			2047			1.0
1684454			5100			1			5100			1.0
1740391			1279			1			1279			1.0
1879076			3327			1			3327			1.0
1948928			1791			1			1791			1.0
2256005			7387			1			7387			1.0
2324418			1535			1			1535			1.0
2345156			511			1			511			1.0
2368199			511			1			511			1.0
2442660			1791			1			1791			1.0
2477700			767			1			767			1.0
2519970			1023			1			1023			1.0
2543106			511			1			511			1.0
2829600			6911			1			6911			1.0
3032391			4781			1			4781			1.0
3052295			511			1			511			1.0
3200005			3583			1			3583			1.0
3451238			5887			1			5887			1.0
3598562			3327			1			3327			1.0
4452965			20484			1			20484			1.0
4870597			9873			1			9873			1.0
5288836			9917			1			9917			1.0
5815392			12799			1			12799			1.0
5944352			3071			1			3071			1.0
5973793			767			1			767			1.0
5999941			590			1			590			1.0
