1			0			6			0			1.0
21700			4054			1			586			6.917016
65218			7058			2			1018			6.931531
90887			3963			2			574			6.907927
119136			5153			2			743			6.9325957
125955			1195			1			173			6.9246397
159488			6026			3			867			6.9475613
175808			3003			3			437			6.868525
215141			6280			1			907			6.927185
295619			14017			2			2033			6.8933864
328358			5200			2			750			6.938706
348256			3475			1			503			6.902747
377511			5858			5			843			6.9532685
395939			2931			1			423			6.9323845
418183			4278			1			617			6.931436
447780			5595			2			809			6.9128666
474051			4048			4			584			6.930875
488453			2732			1			394			6.937634
520096			6305			1			911			6.9229903
529442			1706			1			247			6.90665
563974			6299			5			909			6.9319124
584807			3278			1			472			6.9398932
637569			9766			1			1407			6.941227
653476			3413			3			491			6.950743
678979			4844			1			704			6.8816047
694369			3355			5			483			6.949833
718848			4160			5			601			6.925997
740455			3328			4			479			6.9536877
758849			3221			1			468			6.8774886
775011			3388			1			487			6.958789
909126			22108			1			3193			6.923156
928066			3572			2			518			6.8975854
950081			3800			1			549			6.922432
967938			2798			4			404			6.9239755
994081			4582			4			661			6.9361973
1024608			5326			1			768			6.9348984
1045793			3647			2			526			6.9307055
1101060			9950			6			1438			6.919561
1163971			9677			3			1399			6.9186716
1187073			4087			1			588			6.9489713
1270020			14888			1			2151			6.920594
1295492			3874			1			566			6.851652
1320423			3984			1			576			6.919049
1341952			4077			1			588			6.931388
1392932			8456			1			1219			6.938344
1423268			4898			2			704			6.9580016
1502656			14555			1			2104			6.9187117
1537092			5339			1			770			6.932398
1586499			8475			2			1221			6.941844
1645089			10097			1			1459			6.922174
1662759			3545			1			512			6.9286356
1684705			4242			6			613			6.920824
1746085			10595			6			1527			6.9393735
1788867			8487			6			1227			6.91687
1821539			5132			6			747			6.8665667
1888740			12735			6			1843			6.908919
1919296			6363			6			925			6.877304
1955712			8523			6			1229			6.9338465
2013856			10614			6			1537			6.904819
2032839			4232			6			613			6.9039526
2057699			4238			5			619			6.8448234
2080039			4230			6			613			6.900578
2101094			4770			5			688			6.9388437
2113956			2372			5			342			6.9336724
2142405			4228			6			615			6.874021
2177380			6907			5			1000			6.909491
2252324			11510			5			1663			6.919792
2282533			4230			5			613			6.900578
2316353			4232			6			619			6.834801
2360583			6425			5			927			6.928895
2396710			4472			1			646			6.921875
2467139			11251			1			1624			6.927948
2518788			7106			3			1027			6.922038
2575910			9282			1			1347			6.89083
2590464			2188			1			322			6.8069167
2613600			4222			6			611			6.910386
2694023			12542			1			1810			6.928897
2775623			13761			6			1988			6.922076
2878592			15726			2			2282			6.8927083
2981476			18626			6			2691			6.9219213
3075008			18577			6			2685			6.9194202
3126182			8423			1			1221			6.8994846
3144868			3827			2			553			6.9193006
3172261			4228			6			613			6.897204
3257062			14749			6			2137			6.902604
3350372			12712			6			1833			6.9354706
3378055			4228			6			613			6.897204
3468676			12718			6			1833			6.9388566
3603749			20383			6			2958			6.891543
3677252			12724			6			1845			6.8955727
3720487			8469			6			1225			6.9133463
3782692			10097			1			1455			6.941853
3852262			13225			6			1916			6.903867
3876614			4226			6			613			6.8938293
3898882			4495			3			648			6.934902
3923877			4501			5			650			6.9223967
3945344			4331			5			625			6.925779
4189633			38271			3			5538			6.9106393
4301252			15819			3			2290			6.908468
4328198			4890			4			706			6.925909
4434726			15625			6			2259			6.917232
4565888			21642			3			3131			6.911647
4596421			4234			3			615			6.88411
4704551			18585			2			2689			6.9118567
4738054			6348			6			915			6.939183
4775170			6088			1			876			6.9528184
4815397			5256			1			760			6.917813
4857316			6350			5			913			6.957166
4882592			4474			3			644			6.9473066
4923236			5238			1			758			6.912118
5064032			21299			1			3078			6.9207907
5110823			6350			6			921			6.8947024
5271745			25441			5			3688			6.8991914
5425473			25424			6			3681			6.90632
5653347			31825			6			4610			6.9039783
5696070			6715			5			967			6.9469233
5742470			6353			6			921			6.8969483
5891463			25654			6			3714			6.9066324
5970432			13200			6			1907			6.920787
5999872			4530			6			656			6.9011083
5999877			7			6			1			6.9133353
