5222                            0                               2                               0                               1                               
47681                           8                               6                               6                               1.333333                        
70848                           7                               5                               3                               2.333333                        
100323                          9                               4                               6                               1.5                             
124100                          5                               3                               2                               2.5                             
161218                          4                               4                               2                               2                               
204997                          6                               3                               3                               2                               
214114                          5                               5                               3                               1.666667                        
229927                          7                               2                               3                               2.333333                        
257668                          9                               3                               5                               1.8                             
288195                          6                               3                               2                               3                               
316133                          3                               2                               3                               1                               
358112                          7                               5                               4                               1.75                            
363879                          0                               6                               0                               1                               
383424                          7                               4                               3                               2.333333                        
399904                          4                               3                               3                               1.333333                        
418310                          4                               3                               2                               2                               
459296                          8                               4                               6                               1.333333                        
490499                          6                               3                               4                               1.5                             
493217                          5                               4                               3                               1.666667                        
560162                          7                               4                               4                               1.75                            
591169                          4                               3                               3                               1.333333                        
613829                          4                               4                               1                               4                               
664224                          5                               3                               4                               1.25                            
696032                          6                               4                               3                               2                               
709218                          3                               4                               2                               1.5                             
743972                          4                               2                               2                               2                               
795428                          6                               3                               3                               2                               
809765                          4                               3                               2                               2                               
833959                          7                               3                               4                               1.75                            
875556                          7                               4                               4                               1.75                            
885031                          4                               5                               2                               2                               
911107                          3                               3                               2                               1.5                             
941509                          6                               4                               3                               2                               
948834                          8                               4                               3                               2.666667                        
970374                          6                               4                               3                               2                               
987650                          5                               3                               3                               1.666667                        
1006499                         6                               4                               2                               3                               
1024771                         4                               3                               1                               4                               
1052288                         7                               2                               4                               1.75                            
1103334                         9                               3                               5                               1.8                             
1120678                         4                               5                               2                               2                               
1143011                         8                               4                               4                               2                               
1197697                         8                               2                               4                               2                               
1221347                         4                               3                               2                               2                               
1285538                         6                               3                               3                               2                               
1337379                         7                               3                               5                               1.4                             
1377220                         6                               5                               3                               2                               
1413286                         6                               4                               2                               3                               
1426725                         5                               3                               2                               2.5                             
1456196                         4                               2                               3                               1.333333                        
1473026                         5                               4                               3                               1.666667                        
1539936                         9                               2                               5                               1.8                             
1567841                         4                               3                               3                               1.333333                        
1572485                         3                               4                               2                               1.5                             
1585505                         7                               3                               3                               2.333333                        
1609828                         9                               3                               3                               3                               
1655239                         9                               4                               6                               1.5                             
1674017                         6                               3                               3                               2                               
1713056                         5                               4                               3                               1.666667                        
1758726                         9                               3                               5                               1.8                             
1784293                         9                               3                               5                               1.8                             
1794592                         3                               3                               1                               3                               
1800070                         5                               4                               2                               2.5                             
1835520                         8                               4                               3                               2.666667                        
1878087                         7                               2                               4                               1.75                            
1900037                         3                               5                               1                               3                               
1935940                         8                               2                               5                               1.6                             
1954211                         5                               4                               4                               1.25                            
2022562                         7                               3                               3                               2.333333                        
2047424                         4                               4                               2                               2                               
2092388                         5                               2                               3                               1.666667                        
2159685                         9                               6                               5                               1.8                             
2192164                         7                               3                               3                               2.333333                        
2209954                         3                               4                               2                               1.5                             
2230407                         7                               4                               3                               2.333333                        
2240609                         3                               3                               2                               1.5                             
2262887                         4                               3                               2                               2                               
2285669                         5                               4                               3                               1.666667                        
2299622                         4                               4                               2                               2                               
2347362                         7                               4                               4                               1.75                            
2382244                         4                               5                               3                               1.333333                        
2457218                         6                               3                               3                               2                               
2508035                         9                               4                               7                               1.285714                        
2567296                         8                               3                               6                               1.333333                        
2581638                         4                               4                               3                               1.333333                        
2608551                         3                               4                               2                               1.5                             
2643616                         5                               4                               1                               5                               
2677024                         1                               3                               1                               1                               
2714756                         6                               4                               3                               2                               
2731207                         7                               3                               3                               2.333333                        
2776807                         7                               1                               6                               1.166667                        
2817440                         6                               3                               4                               1.5                             
2869697                         9                               4                               6                               1.5                             
2898500                         3                               2                               2                               1.5                             
2923488                         6                               2                               4                               1.5                             
2946886                         4                               3                               1                               4                               
2989607                         6                               2                               3                               2                               
3026981                         3                               1                               2                               1.5                             
3064802                         7                               3                               3                               2.333333                        
3094722                         6                               4                               3                               2                               
3117284                         6                               3                               3                               2                               
3136673                         2                               4                               2                               1                               
3151714                         7                               4                               3                               2.333333                        
3184101                         3                               3                               2                               1.5                             
3201543                         8                               3                               3                               2.666667                        
3212550                         9                               3                               3                               3                               
3237476                         8                               3                               4                               2                               
3300965                         8                               2                               7                               1.142857                        
3328039                         6                               5                               3                               2                               
3333792                         3                               3                               1                               3                               
3356801                         5                               4                               2                               2.5                             
3366499                         2                               6                               1                               2                               
3392932                         4                               3                               2                               2                               
3412068                         4                               1                               2                               2                               
3450150                         7                               3                               3                               2.333333                        
3483847                         8                               3                               3                               2.666667                        
3504455                         9                               2                               4                               2.25                            
3545313                         10                              2                               5                               2                               
3580071                         5                               5                               4                               1.25                            
3605536                         4                               2                               2                               2                               
3619719                         7                               5                               4                               1.75                            
3650496                         9                               4                               4                               2.25                            
3707270                         3                               5                               3                               1                               
3740166                         3                               4                               1                               3                               
3755972                         5                               1                               3                               1.666667                        
3790086                         7                               5                               4                               1.75                            
3798276                         4                               4                               2                               2                               
3805637                         4                               3                               1                               4                               
3825159                         5                               3                               3                               1.666667                        
3835623                         3                               3                               2                               1.5                             
3858179                         5                               1                               3                               1.666667                        
3878881                         5                               1                               2                               2.5                             
3924263                         4                               3                               2                               2                               
3949764                         9                               5                               4                               2.25                            
3962215                         5                               4                               3                               1.666667                        
3977509                         3                               3                               2                               1.5                             
3997542                         5                               2                               2                               2.5                             
4067139                         4                               4                               3                               1.333333                        
4097889                         3                               4                               1                               3                               
4116836                         5                               4                               3                               1.666667                        
4129093                         6                               4                               2                               3                               
4159367                         6                               1                               4                               1.5                             
4195460                         5                               2                               4                               1.25                            
4199264                         3                               4                               1                               3                               
4212100                         5                               3                               3                               1.666667                        
4234402                         3                               5                               2                               1.5                             
4303490                         5                               3                               3                               1.666667                        
4315394                         5                               3                               1                               5                               
4386791                         6                               1                               5                               1.2                             
4399394                         4                               3                               3                               1.333333                        
4414466                         4                               3                               1                               4                               
4428416                         6                               2                               2                               3                               
4461127                         5                               3                               2                               2.5                             
4481475                         4                               5                               3                               1.333333                        
4528484                         6                               2                               3                               2                               
4556866                         6                               3                               4                               1.5                             
4571874                         4                               3                               2                               2                               
4595782                         6                               1                               3                               2                               
4628550                         4                               3                               1                               4                               
4660164                         7                               3                               4                               1.75                            
4704134                         5                               2                               4                               1.25                            
4716678                         3                               4                               2                               1.5                             
4745156                         6                               4                               4                               1.5                             
4757634                         7                               2                               3                               2.333333                        
4775175                         6                               4                               4                               1.5                             
4790501                         5                               3                               2                               2.5                             
4796356                         3                               5                               2                               1.5                             
4852161                         6                               3                               3                               2                               
4892801                         7                               3                               5                               1.4                             
4937569                         6                               2                               4                               1.5                             
4980007                         7                               2                               3                               2.333333                        
5022116                         7                               1                               5                               1.4                             
5113061                         16                              1                               9                               1.777778                        
5128772                         6                               5                               2                               3                               
5135366                         3                               5                               1                               3                               
5173379                         7                               1                               3                               2.333333                        
5228225                         8                               2                               5                               1.6                             
5262343                         8                               7                               3                               2.666667                        
5299585                         8                               1                               5                               1.6                             
5326215                         8                               2                               4                               2                               
5338113                         7                               3                               3                               2.333333                        
5397411                         8                               2                               4                               2                               
5426210                         8                               1                               5                               1.6                             
5445156                         8                               3                               2                               4                               
5493540                         6                               3                               4                               1.5                             
5540389                         9                               3                               5                               1.8                             
5597926                         17                              6                               6                               2.833333                        
5660069                         8                               5                               5                               1.6                             
5767200                         9                               3                               7                               1.285714                        
5811652                         9                               4                               3                               3                               
5822375                         8                               5                               3                               2.666667                        
5859238                         6                               4                               4                               1.5                             
5935174                         8                               3                               5                               1.6                             
5962053                         9                               4                               4                               2.25                            
5976551                         6                               4                               3                               2                               
5987814                         1                               1                               1                               1                               
5991077                         0                               1                               0                               1                               