6                               0                               1                               0                               1                               
1065                            235                             2                               211                             1.113744                        
2270                            297                             2                               272                             1.091912                        
17771                           3628                            1                               3325                            1.091128                        
18584                           177                             2                               167                             1.05988                         
27731                           2148                            1                               1955                            1.098721                        
28568                           180                             1                               171                             1.052632                        
29290                           188                             1                               166                             1.13253                         
31068                           395                             1                               360                             1.097222                        
55201                           5660                            1                               5157                            1.097537                        
56002                           178                             1                               166                             1.072289                        
56710                           181                             1                               168                             1.077381                        
58368                           373                             2                               344                             1.084302                        
59114                           187                             2                               175                             1.068571                        
60850                           390                             1                               366                             1.065574                        
61651                           200                             1                               179                             1.117318                        
63462                           407                             1                               376                             1.082447                        
68567                           1191                            3                               1102                            1.080762                        
69472                           225                             1                               205                             1.097561                        
73507                           928                             1                               852                             1.089202                        
74469                           240                             1                               213                             1.126761                        
101511                          6331                            2                               5764                            1.098369                        
103769                          510                             1                               473                             1.078224                        
104460                          172                             1                               160                             1.075                           
106001                          346                             1                               309                             1.119741                        
106689                          174                             1                               160                             1.0875                          
111294                          1066                            1                               980                             1.087755                        
115179                          915                             1                               840                             1.089286                        
116032                          187                             1                               178                             1.050562                        
116770                          188                             1                               169                             1.112426                        
120950                          965                             1                               883                             1.092865                        
122614                          399                             1                               359                             1.111421                        
123543                          201                             1                               186                             1.080645                        
126967                          820                             1                               742                             1.105121                        
143087                          3760                            1                               3427                            1.09717                         
156579                          3166                            1                               2890                            1.095502                        
199213                          9973                            1                               9177                            1.086739                        
199990                          172                             1                               156                             1.102564                        
199999                          0                               1                               0                               1                               