317			0			1			0			1.0
422			0			1			0			1.0
435			0			1			0			1.0
668			1			1			1			1.0
913			0			1			0			1.0
989			0			1			0			1.0
1186			0			1			0			1.0
1718			1			1			1			1.0
1732			0			1			0			1.0
1755			0			1			0			1.0
1791			0			1			0			1.0
2083			0			1			0			1.0
2089			0			1			0			1.0
2554			0			1			0			1.0
3145			1			1			1			1.0
3265			0			1			0			1.0
3451			0			1			0			1.0
3998			0			1			0			1.0
4120			0			1			0			1.0
4157			0			1			0			1.0
4168			0			1			0			1.0
4386			0			1			0			1.0
4517			0			1			0			1.0
4569			0			1			0			1.0
5117			0			1			0			1.0
5401			0			1			0			1.0
5496			0			1			0			1.0
5568			0			1			0			1.0
5937			0			1			0			1.0
6173			0			1			0			1.0
6227			0			1			0			1.0
6298			0			1			0			1.0
6314			0			1			0			1.0
6339			0			1			0			1.0
6455			0			1			0			1.0
6532			0			1			0			1.0
6543			0			1			0			1.0
6568			0			1			0			1.0
6642			0			1			0			1.0
6907			1			1			1			1.0
6989			0			1			0			1.0
7160			0			1			0			1.0
7520			0			1			0			1.0
8809			0			1			0			1.0
9058			0			1			0			1.0
9090			0			1			0			1.0
9096			0			1			0			1.0
9220			0			1			0			1.0
9298			0			1			0			1.0
9443			0			1			0			1.0
9614			1			1			1			1.0
9852			0			1			0			1.0
9942			0			1			0			1.0
9951			0			1			0			1.0
