29			0			7			0			1.0
113			42			6			6			7.0
180			49			7			7			7.0
239			35			7			5			7.0
266			35			6			5			7.0
319			42			6			6			7.0
339			14			6			2			7.0
387			35			7			5			7.0
417			35			7			5			7.0
435			28			7			4			7.0
482			35			7			5			7.0
567			49			7			7			7.0
618			49			6			7			7.0
668			28			7			4			7.0
760			42			6			6			7.0
788			35			7			5			7.0
842			28			6			4			7.0
856			14			6			2			7.0
942			63			7			9			7.0
1042			63			7			9			7.0
1057			28			6			4			7.0
1119			56			7			8			7.0
1219			56			7			8			7.0
1240			27			7			4			6.75
1269			28			7			4			7.0
1291			20			7			3			6.6666665
1381			41			7			6			6.8333335
1419			28			7			4			7.0
1452			13			7			2			6.5
1483			28			7			4			7.0
1563			34			7			5			6.8
1594			42			7			6			7.0
1666			56			6			8			7.0
1694			14			7			2			7.0
1718			35			6			5			7.0
1756			35			7			5			7.0
1792			35			7			5			7.0
1847			35			7			5			7.0
1897			28			6			4			7.0
1952			56			6			8			7.0
2013			35			7			5			7.0
2067			42			6			6			7.0
2119			35			7			5			7.0
2211			42			6			6			7.0
2233			14			7			2			7.0
2350			63			6			9			7.0
2452			35			6			5			7.0
2597			119			7			17			7.0
2674			56			7			8			7.0
2792			56			7			8			7.0
2847			56			7			8			7.0
2882			28			6			4			7.0
2904			14			7			2			7.0
2983			28			6			4			7.0
3061			35			7			5			7.0
3144			35			7			5			7.0
3161			14			7			2			7.0
3209			35			7			5			7.0
3244			35			7			5			7.0
3249			14			7			2			7.0
3272			28			6			4			7.0
3286			14			7			2			7.0
3334			35			7			5			7.0
3390			35			7			5			7.0
3454			42			6			6			7.0
3513			35			7			5			7.0
3528			14			7			2			7.0
3559			35			7			5			7.0
3614			35			7			5			7.0
3627			14			7			2			7.0
3675			35			7			5			7.0
3747			35			7			5			7.0
3824			35			7			5			7.0
3869			35			6			5			7.0
3893			13			6			2			6.5
3978			35			7			5			7.0
4006			35			6			5			7.0
4070			20			6			3			6.6666665
4117			35			7			5			7.0
4142			35			7			5			7.0
4243			77			7			11			7.0
4318			35			7			5			7.0
4386			77			7			11			7.0
4434			35			7			5			7.0
4585			97			6			14			6.928571
4635			35			7			5			7.0
4685			35			7			5			7.0
4708			28			7			4			7.0
4825			133			7			19			7.0
4883			63			7			9			7.0
4909			28			6			4			7.0
4953			28			7			4			7.0
5006			63			7			9			7.0
5032			28			7			4			7.0
5067			28			7			4			7.0
5100			14			6			2			7.0
5121			28			7			4			7.0
5166			63			7			9			7.0
5172			13			7			2			6.5
5242			28			7			4			7.0
5264			13			7			2			6.5
5327			28			7			4			7.0
5352			13			7			2			6.5
5388			28			7			4			7.0
5433			28			6			4			7.0
5482			33			7			5			6.6
5497			28			7			4			7.0
5538			13			7			2			6.5
5578			47			7			7			6.714286
5624			28			7			4			7.0
5673			28			7			4			7.0
5733			28			7			4			7.0
5781			21			6			3			7.0
5848			28			7			4			7.0
5908			42			7			6			7.0
5937			28			6			4			7.0
6087			125			7			18			6.9444447
6107			26			7			4			6.5
6148			42			7			6			7.0
6193			35			6			5			7.0
6259			42			7			6			7.0
6275			28			6			4			7.0
6339			27			7			4			6.75
6400			42			7			6			7.0
6440			27			7			4			6.75
6455			27			7			4			6.75
6504			42			7			6			7.0
6540			27			7			4			6.75
6686			91			7			13			7.0
6712			27			7			4			6.75
6805			91			7			13			7.0
6835			31			7			5			6.2
6890			35			6			5			7.0
6959			42			7			6			7.0
6986			28			6			4			7.0
7023			35			6			5			7.0
7149			42			7			6			7.0
7171			42			7			6			7.0
7233			42			7			6			7.0
7252			26			7			4			6.5
7290			27			7			4			6.75
7326			42			7			6			7.0
7418			91			7			13			7.0
7452			42			7			6			7.0
7496			27			7			4			6.75
7566			42			7			6			7.0
7593			27			7			4			6.75
7654			35			6			5			7.0
7691			42			7			6			7.0
7745			42			7			6			7.0
7861			91			7			13			7.0
7928			42			7			6			7.0
7969			27			7			4			6.75
8071			42			7			6			7.0
8147			42			7			6			7.0
8206			42			7			6			7.0
8357			125			6			18			6.9444447
8390			42			7			6			7.0
8445			42			6			6			7.0
8489			27			7			4			6.75
8533			42			7			6			7.0
8631			42			7			6			7.0
8750			42			7			6			7.0
8792			42			7			6			7.0
8864			42			7			6			7.0
8899			41			7			6			6.8333335
8979			63			7			9			7.0
9035			41			7			6			6.8333335
9082			47			7			7			6.714286
9301			181			6			26			6.9615383
9353			63			7			9			7.0
9419			41			7			6			6.8333335
9488			63			7			9			7.0
9587			41			7			6			6.8333335
9664			63			7			9			7.0
9686			42			6			6			7.0
9763			41			7			6			6.8333335
9854			63			7			9			7.0
9897			41			7			6			6.8333335
9943			41			7			6			6.8333335
9964			27			7			4			6.75
9992			0			6			0			1.0
