3			0			1			0			1.0
27461			3614			7			2597			1.3918306
317828			37831			7			27178			1.3919777
383107			7587			5			5680			1.3358728
499174			12387			5			9491			1.3050958
545824			5606			5			4120			1.3608162
607815			8705			7			6132			1.4196334
618756			1724			7			1181			1.4593729
695717			10474			9			7408			1.4140366
819492			17146			9			12061			1.4216799
916288			13429			7			9535			1.4084477
930400			1832			7			1333			1.3747264
962661			4603			7			3204			1.4369992
1115495			19330			1			14096			1.3713081
1446053			39870			7			29420			1.3552364
1489731			5730			4			4116			1.3923601
1572740			10107			7			7417			1.3628949
1752677			20761			5			15509			1.3387333
1868675			15207			7			11061			1.37486
2026086			18570			2			13674			1.3580494
2132066			13912			4			9993			1.3921651
2303623			23308			4			16457			1.416334
2461190			20390			4			14649			1.3919392
2549024			10492			5			7866			1.333959
2694887			16912			5			12544			1.3482132
2834597			16247			5			12100			1.3427885
3327008			61676			4			45003			1.3704967
3638594			36772			4			27261			1.3489143
3683621			6175			2			4340			1.4230747
3903556			28000			4			20453			1.3690237
3957253			6190			5			4660			1.328575
4075488			12436			4			9551			1.3020958
4189888			13047			5			9693			1.3461514
4410851			27771			7			20193			1.3752911
4504002			12970			2			9138			1.4194006
4724869			27727			5			20276			1.3675287
4879937			18534			4			13683			1.354509
5144929			32195			7			23766			1.3546977
5305282			18544			2			13906			1.3336087
5396932			9270			4			7112			1.303625
5538468			18534			1			13335			1.3899157
5769127			32465			4			22734			1.4280812
5989889			28204			5			20507			1.375343
5999909			1395			2			1001			1.3937241
5999968			0			1			1			1.3711619
