14			0			144			0			1.0
433			19874			669			59			335.98825
1393			40841			811			117			348.17184
2536			43684			658			142			306.84473
3595			42616			762			137			310.2655
4369			34611			589			100			345.21753
5089			29703			782			85			348.5537
6076			45091			733			129			348.6455
6784			32283			753			100			322.0009
8464			66179			713			208			318.8863
9061			21076			796			69			304.6636
9469			16351			762			52			313.6349
10363			35450			739			110			321.44772
11362			43137			733			123			349.8054
12010			29035			846			87			332.87408
15331			142558			716			438			325.38477
16216			35111			658			112			312.69116
17059			39000			1016			112			347.31717
18256			51657			747			152			338.97787
19174			36744			672			118			310.59396
19885			33453			739			103			323.94873
20608			20135			782			70			286.90466
21088			17755			799			55			321.99152
21790			32873			788			102			321.4626
22426			31006			678			100			309.2664
22939			20673			817			66			312.42993
24607			73417			869			229			321.1787
25216			26423			768			78			337.8886
25799			26079			8			84			309.66364
26398			29460			649			90			326.49506
27055			29923			704			97			307.6973
27688			27793			840			81			342.2369
28186			21988			736			70			313.30566
29296			45606			912			137			332.03888
29833			24327			548			75			323.5286
30289			23626			583			72			327.3029
30805			24640			693			69			356.1802
31687			34799			661			108			321.3844
32278			20847			768			70			297.05255
33007			34807			805			112			309.98398
33928			42497			814			133			318.70642
34369			21820			805			68			320.05722
34966			31464			742			94			333.85995
36634			81535			594			242			337.4517
37252			23731			545			75			315.59726
38458			57919			750			176			328.24313
39400			38018			548			115			329.74463
40084			33455			574			96			347.59946
41806			71506			519			211			339.63242
42421			23676			505			74			319.1205
43723			59740			493			187			318.64807
45823			83781			779			258			325.16248
46486			36148			467			113			319.07254
47095			23884			444			76			313.45853
48004			38583			626			109			353.06125
48923			36802			46			119			308.4693
49693			36903			707			113			325.74222
50323			25106			742			72			347.7969
50917			28733			574			82			349.5083
51668			25193			54			81			310.2235
52312			29011			626			89			325.1344
53023			24895			675			75			331.0749
54268			40001			586			140			284.99167
55297			53779			799			164			327.08145
56197			34327			822			109			314.11777
56908			33985			600			103			329.10724
58738			78422			719			242			324.57095
59551			30279			667			86			351.18274
60232			31643			617			95			332.2303
60838			24779			742			79			312.85007
62653			77780			667			234			332.96353
65194			110874			724			354			313.2862
65623			19081			753			53			359.09457
67162			72079			724			222			325.31497
68218			38826			531			126			307.35208
69178			47392			600			139			340.07935
70066			35488			785			109			324.74112
70471			20071			906			64			312.8083
71173			32711			724			98			332.93307
72304			47071			462			135			347.78128
72769			16829			802			57			294.4831
73231			21973			822			64			342.4513
73888			23644			770			84			280.753
74444			23713			222			73			324.00613
75097			23592			418			74			317.9889
76276			47346			609			154			306.65524
76735			16406			828			51			320.86005
77938			47401			678			134			352.83328
80116			94979			568			305			311.63315
80642			23647			181			71			332.1973
81268			23687			493			82			288.12863
81826			24391			620			78			311.90002
82291			23198			574			72			321.36722
83431			47508			522			145			326.80392
83932			24038			846			75			319.67844
84994			48348			646			143			337.23062
85580			23792			89			70			339.00537
86080			24313			583			79			306.96515
86738			28363			75			81			349.25992
87790			47404			643			145			326.087
88348			24321			591			80			303.2365
89263			31611			719			111			284.05618
89980			31443			695			99			316.7946
91226			56666			37			166			340.4842
91817			28398			72			79			358.54028
93184			58498			756			175			333.41898
94525			53802			695			174			308.41672
95272			26704			635			85			313.35864
95884			24148			693			71			339.2333
96592			23965			693			74			323.0227
97231			31747			773			92			344.19354
97999			26493			681			85			310.87866
98782			30508			669			90			338.10974
99697			30887			719			103			299.1094
100330			26504			629			91			290.50867
101356			50681			669			151			334.77805
102337			30155			690			96			313.30875
102928			24324			802			66			367.60065
105703			127132			456			385			330.22757
106279			28094			805			93			301.3077
107053			35369			360			102			345.866
107987			35482			242			117			302.48773
112055			167768			277			503			333.3453
115181			142396			343			404			352.43515
117413			99968			262			303			330.17206
118246			35326			799			114			309.07993
119143			35143			542			107			327.5994
120698			71182			236			222			321.2644
121469			36408			360			119			305.16913
122227			35551			710			108			328.33615
122911			35459			219			100			353.6783
123773			36539			109			107			340.6073
124492			36704			589			108			338.97766
126046			73938			603			217			341.42816
127789			80880			860			251			322.69308
128650			37207			655			110			337.3823
129493			42396			687			133			317.94653
133234			152934			620			478			319.79608
135982			127277			701			377			337.63766
136936			36426			820			117			310.53366
138857			90133			231			280			322.23087
139945			44969			750			140			320.38614
141898			86355			493			251			344.53555
142723			37268			782			119			312.37613
143500			37271			872			109			341.0603
145723			91340			736			282			324.22272
146680			47303			427			128			368.60495
147697			47410			646			137			345.17038
149882			94690			337			297			319.08002
149972			4918			176			17			288.5583
149983			0			268			0			328.41415
