429			0			1			0			1.0
668			2			1			2			1.0
2344			7			1			7			1.0
3447			7			1			7			1.0
3770			3			1			3			1.0
4276			3			1			3			1.0
4889			3			1			3			1.0
6138			7			1			7			1.0
7792			7			1			7			1.0
8603			3			1			3			1.0
8961			3			1			3			1.0
9632			3			1			3			1.0
9864			3			1			3			1.0
10017			3			1			3			1.0
11263			7			1			7			1.0
13010			15			1			15			1.0
13543			3			1			3			1.0
13775			3			1			3			1.0
14336			5			1			5			1.0
15278			5			1			5			1.0
15581			3			1			3			1.0
15887			3			1			3			1.0
16043			3			1			3			1.0
16770			7			1			7			1.0
17225			7			1			7			1.0
18893			7			1			7			1.0
19538			5			1			5			1.0
21041			5			1			5			1.0
22240			7			1			7			1.0
23412			7			1			7			1.0
23915			3			1			3			1.0
24110			3			1			3			1.0
24439			3			1			3			1.0
25413			5			1			5			1.0
25727			3			1			3			1.0
26374			3			1			3			1.0
26911			7			1			7			1.0
27983			7			1			7			1.0
28314			7			1			7			1.0
29216			7			1			7			1.0
29809			7			1			7			1.0
30388			5			1			5			1.0
32063			11			1			11			1.0
33570			5			1			5			1.0
33911			3			1			3			1.0
34390			5			1			5			1.0
35856			7			1			7			1.0
36211			3			1			3			1.0
36980			7			1			7			1.0
37330			3			1			3			1.0
37696			3			1			3			1.0
38407			5			1			5			1.0
38666			3			1			3			1.0
39621			3			1			3			1.0
40430			5			1			5			1.0
41614			5			1			5			1.0
42280			3			1			3			1.0
43277			7			1			7			1.0
44167			3			1			3			1.0
45157			9			1			9			1.0
45915			3			1			3			1.0
46313			3			1			3			1.0
46441			3			1			3			1.0
47600			7			1			7			1.0
47995			3			1			3			1.0
48921			5			1			5			1.0
49240			5			1			5			1.0
49476			3			1			3			1.0
51303			5			1			5			1.0
51605			3			1			3			1.0
53179			7			1			7			1.0
54312			3			1			3			1.0
54628			3			1			3			1.0
55483			7			1			7			1.0
55707			3			1			3			1.0
56428			7			1			7			1.0
56732			3			1			3			1.0
58467			7			1			7			1.0
59576			3			1			3			1.0
60115			7			1			7			1.0
60678			7			1			7			1.0
61330			3			1			3			1.0
62819			7			1			7			1.0
63474			3			1			3			1.0
63930			7			1			7			1.0
64707			7			1			7			1.0
65095			3			1			3			1.0
65982			7			1			7			1.0
67108			7			1			7			1.0
68672			7			1			7			1.0
69300			7			1			7			1.0
70549			7			1			7			1.0
71243			7			1			7			1.0
71691			3			1			3			1.0
74606			23			1			23			1.0
75539			7			1			7			1.0
76181			7			1			7			1.0
76507			3			1			3			1.0
77165			3			1			3			1.0
77504			3			1			3			1.0
77835			3			1			3			1.0
78147			3			1			3			1.0
78933			7			1			7			1.0
79967			3			1			3			1.0
80479			7			1			7			1.0
81290			7			1			7			1.0
81512			3			1			3			1.0
81881			3			1			3			1.0
82045			3			1			3			1.0
82369			3			1			3			1.0
82683			3			1			3			1.0
83476			3			1			3			1.0
83987			3			1			3			1.0
84580			3			1			3			1.0
84973			3			1			3			1.0
85620			3			1			3			1.0
85799			3			1			3			1.0
86414			3			1			3			1.0
87384			7			1			7			1.0
87913			3			1			3			1.0
89146			3			1			3			1.0
89532			3			1			3			1.0
90053			3			1			3			1.0
90544			3			1			3			1.0
91544			11			1			11			1.0
92207			7			1			7			1.0
92728			3			1			3			1.0
93542			7			1			7			1.0
94681			7			1			7			1.0
95602			5			1			5			1.0
96892			5			1			5			1.0
97452			5			1			5			1.0
98221			5			1			5			1.0
99022			5			1			5			1.0
99792			5			1			5			1.0
100561			5			1			5			1.0
100872			5			1			5			1.0
101407			5			1			5			1.0
101991			5			1			5			1.0
102667			5			1			5			1.0
103656			5			1			5			1.0
104175			5			1			5			1.0
104664			5			1			5			1.0
104954			5			1			5			1.0
105912			7			1			7			1.0
106991			7			1			7			1.0
107588			7			1			7			1.0
108528			7			1			7			1.0
109256			7			1			7			1.0
109984			7			1			7			1.0
110833			7			1			7			1.0
113344			23			1			23			1.0
114226			7			1			7			1.0
115112			7			1			7			1.0
116092			7			1			7			1.0
116706			7			1			7			1.0
118122			7			1			7			1.0
119199			7			1			7			1.0
120246			7			1			7			1.0
120990			7			1			7			1.0
123591			15			1			15			1.0
124141			7			1			7			1.0
125096			7			1			7			1.0
126737			7			1			7			1.0
127391			7			1			7			1.0
128789			7			1			7			1.0
129333			7			1			7			1.0
130247			7			1			7			1.0
130774			7			1			7			1.0
132387			7			1			7			1.0
133312			7			1			7			1.0
133976			7			1			7			1.0
137986			31			1			31			1.0
139128			7			1			7			1.0
139956			7			1			7			1.0
142266			15			1			15			1.0
143530			7			1			7			1.0
145126			15			1			15			1.0
146180			7			1			7			1.0
147600			7			1			7			1.0
148377			7			1			7			1.0
149436			6			1			6			1.0
149576			0			1			0			1.0
