129			0			1			0			1.0
113125			966			1			966			1.0
194436			767			1			767			1.0
241985			383			1			383			1.0
296546			511			1			511			1.0
362501			511			1			511			1.0
416676			511			1			511			1.0
657220			2047			1			2047			1.0
827747			1535			1			1535			1.0
860608			255			1			255			1.0
886689			255			1			255			1.0
1006819			1023			1			1023			1.0
1086624			639			1			639			1.0
1127491			383			1			383			1.0
1162945			255			1			255			1.0
1320038			1279			1			1279			1.0
1337345			127			1			127			1.0
1409157			639			1			639			1.0
1426688			127			1			127			1.0
1454786			255			1			255			1.0
1517984			511			1			511			1.0
1546851			255			1			255			1.0
1562340			127			1			127			1.0
1603747			383			1			383			1.0
1816738			1791			1			1791			1.0
1943329			1151			1			1151			1.0
2022565			639			1			639			1.0
2107717			767			1			767			1.0
2141473			255			1			255			1.0
2155364			127			1			127			1.0
2459779			2559			1			2559			1.0
2488261			255			1			255			1.0
2505703			127			1			127			1.0
2537158			255			1			255			1.0
2565381			255			1			255			1.0
2631776			511			1			511			1.0
2713537			767			1			767			1.0
2778144			511			1			511			1.0
2806849			255			1			255			1.0
2904612			767			1			767			1.0
3009764			895			1			895			1.0
3104967			767			1			767			1.0
3162727			511			1			511			1.0
3195716			255			1			255			1.0
3253890			511			1			511			1.0
3316546			511			1			511			1.0
3459364			1279			1			1279			1.0
3674181			1791			1			1791			1.0
3707751			255			1			255			1.0
3799749			767			1			767			1.0
3882530			767			1			767			1.0
3917057			255			1			255			1.0
4121957			1791			1			1791			1.0
4189764			511			1			511			1.0
4215940			255			1			255			1.0
4250273			255			1			255			1.0
4306727			511			1			511			1.0
4370913			511			1			511			1.0
4574624			1791			1			1791			1.0
4605540			255			1			255			1.0
4633189			255			1			255			1.0
4961511			2815			1			2815			1.0
5016839			511			1			511			1.0
5049125			255			1			255			1.0
5167943			1023			1			1023			1.0
5200005			255			1			255			1.0
5227264			255			1			255			1.0
5439717			1791			1			1791			1.0
5472102			255			1			255			1.0
5507778			255			1			255			1.0
5971367			3967			1			3967			1.0
5999554			261			1			261			1.0
5999587			0			1			0			1.0
