17			0			1			0			1.0
2249			31			1			30			1.0333333
3916			31			1			31			1.0
4875			22			2			22			1.0
5896			18			2			18			1.0
6873			26			2			26			1.0
7443			12			1			12			1.0
7986			20			1			20			1.0
9114			28			1			28			1.0
10123			19			1			19			1.0
11856			31			1			31			1.0
12381			15			1			15			1.0
15073			61			2			61			1.0
16858			30			2			30			1.0
18070			22			2			22			1.0
19158			31			1			31			1.0
20274			23			1			23			1.0
20649			10			2			10			1.0
21608			23			2			23			1.0
22607			19			2			18			1.0555556
23740			23			1			23			1.0
24258			8			2			8			1.0
25034			23			1			23			1.0
25663			15			2			15			1.0
26643			26			2			26			1.0
27578			22			2			22			1.0
28332			13			2			12			1.0833334
28647			12			1			10			1.2
29108			15			1			15			1.0
29600			17			2			16			1.0625
30330			14			2			14			1.0
31386			20			1			18			1.1111112
31766			11			2			11			1.0
32387			14			2			13			1.0769231
33231			15			1			15			1.0
33801			12			1			10			1.2
34571			18			2			16			1.125
35384			16			2			16			1.0
35910			15			1			15			1.0
36578			17			1			16			1.0625
37554			23			1			23			1.0
39235			31			1			31			1.0
39866			15			2			14			1.0714285
40369			11			2			11			1.0
41714			31			1			31			1.0
42367			9			2			8			1.125
43599			15			1			15			1.0
44861			23			2			23			1.0
45261			8			2			8			1.0
46669			31			1			31			1.0
47541			15			1			15			1.0
49114			33			2			33			1.0
49873			23			1			23			1.0
50435			12			2			11			1.0909091
51228			15			2			13			1.1538461
51582			8			2			8			1.0
52833			31			1			31			1.0
54046			21			2			20			1.05
55058			24			2			24			1.0
56425			29			1			27			1.074074
57012			13			2			13			1.0
58011			21			2			21			1.0
58548			12			2			11			1.0909091
59054			13			2			13			1.0
60147			26			2			26			1.0
62234			45			1			43			1.0465117
63519			23			2			22			1.0454545
64260			23			1			22			1.0454545
65360			15			1			15			1.0
66516			22			2			19			1.1578947
67777			30			2			30			1.0
68428			15			1			13			1.1538461
69244			15			1			13			1.1538461
70510			19			2			18			1.0555556
71462			22			2			22			1.0
72476			14			2			14			1.0
72852			15			1			13			1.1538461
73460			11			2			11			1.0
74368			15			1			13			1.1538461
75267			13			2			13			1.0
75609			9			2			9			1.0
77077			31			1			29			1.0689656
77897			9			3			9			1.0
79263			22			2			21			1.0476191
80300			23			1			22			1.0454545
80894			10			3			10			1.0
81603			11			2			11			1.0
82930			12			2			12			1.0
85419			42			2			41			1.0243902
86418			14			2			12			1.1666666
87795			22			2			22			1.0
88638			15			1			13			1.1538461
91791			66			2			61			1.0819672
92412			15			2			15			1.0
92922			8			2			8			1.0
97172			78			2			76			1.0263158
97906			15			1			15			1.0
99317			23			1			22			1.0454545
100233			22			1			20			1.1
101318			23			1			22			1.0454545
101839			13			2			13			1.0
103006			23			1			22			1.0454545
103628			15			1			15			1.0
105261			30			2			30			1.0
106313			23			1			22			1.0454545
107228			17			1			15			1.1333333
108312			22			2			22			1.0
110239			31			1			31			1.0
111786			31			1			31			1.0
112871			13			2			13			1.0
113982			31			1			30			1.0333333
114783			15			1			14			1.0714285
116137			22			2			22			1.0
117011			18			2			17			1.0588236
117607			15			1			14			1.0714285
118984			24			2			23			1.0434783
120877			31			1			30			1.0333333
121902			15			1			13			1.1538461
123130			16			2			16			1.0
123900			15			1			14			1.0714285
125058			23			1			23			1.0
126362			23			1			23			1.0
127436			15			1			14			1.0714285
129241			21			2			21			1.0
130311			15			1			14			1.0714285
131872			23			1			23			1.0
133309			31			1			29			1.0689656
134075			15			1			13			1.1538461
134868			14			2			12			1.1666666
135760			14			2			14			1.0
136905			23			1			23			1.0
137305			15			1			13			1.1538461
139198			42			1			41			1.0243902
140314			23			1			23			1.0
140858			15			1			13			1.1538461
141694			15			1			13			1.1538461
143263			31			1			29			1.0689656
146734			71			1			71			1.0
147582			19			2			19			1.0
148594			15			1			14			1.0714285
149507			23			1			23			1.0
150426			15			1			14			1.0714285
151299			15			1			13			1.1538461
151875			16			2			16			1.0
152971			31			1			29			1.0689656
153527			15			1			13			1.1538461
154455			23			1			22			1.0454545
156362			45			1			40			1.125
157159			23			1			21			1.0952381
158572			23			1			23			1.0
160640			48			1			44			1.0909091
162793			47			1			43			1.0930233
164137			23			1			22			1.0454545
164868			23			1			21			1.0952381
165654			23			1			22			1.0454545
166282			23			1			18			1.2777778
168185			47			1			43			1.0930233
169184			23			1			20			1.15
170326			23			1			22			1.0454545
172036			47			1			44			1.0681819
173221			23			2			22			1.0454545
175611			47			1			44			1.0681819
176858			23			1			22			1.0454545
177679			23			1			22			1.0454545
178678			23			1			22			1.0454545
180983			47			1			41			1.1463414
182039			23			1			22			1.0454545
183476			25			2			25			1.0
186543			71			1			66			1.0757576
187337			23			1			21			1.0952381
188602			31			1			31			1.0
189679			31			1			31			1.0
191004			31			1			31			1.0
191987			23			1			21			1.0952381
193188			31			1			30			1.0333333
196151			62			2			61			1.0163934
198070			30			2			30			1.0
199982			19			1			19			1.0
199996			0			1			0			1.0
