44			0			1			0			1.0
745			6			1			6			1.0
1649			7			1			7			1.0
3353			11			1			11			1.0
4238			7			1			7			1.0
5222			11			1			11			1.0
6169			10			1			10			1.0
6873			6			2			6			1.0
7878			6			1			6			1.0
8487			9			1			9			1.0
9157			7			1			7			1.0
10805			15			1			15			1.0
11485			5			1			5			1.0
12446			11			1			11			1.0
13293			5			1			5			1.0
14041			6			1			6			1.0
14591			6			1			6			1.0
15216			5			1			5			1.0
16021			9			1			9			1.0
17746			10			1			10			1.0
19871			17			1			17			1.0
21208			13			1			13			1.0
21968			7			1			7			1.0
23539			15			1			15			1.0
24850			7			2			7			1.0
27992			23			1			23			1.0
28660			7			2			7			1.0
29203			11			1			11			1.0
30097			11			1			11			1.0
30750			7			1			7			1.0
31251			7			2			7			1.0
31859			7			1			7			1.0
32573			11			1			11			1.0
33558			7			1			7			1.0
35421			15			1			15			1.0
36383			7			1			7			1.0
37527			15			1			15			1.0
39303			11			1			11			1.0
41041			15			1			15			1.0
43216			19			1			19			1.0
45189			27			1			27			1.0
47714			19			1			19			1.0
48311			7			1			7			1.0
48901			7			1			7			1.0
49749			7			1			7			1.0
50686			7			1			7			1.0
51850			7			1			7			1.0
52371			7			1			7			1.0
53028			7			1			7			1.0
54431			11			1			11			1.0
55990			15			1			15			1.0
56419			7			1			7			1.0
57438			7			1			7			1.0
57786			7			1			7			1.0
58367			7			1			7			1.0
59041			6			2			6			1.0
60637			11			1			11			1.0
61146			5			2			5			1.0
62138			11			1			11			1.0
63302			11			1			11			1.0
64121			7			1			7			1.0
65046			6			1			5			1.2
66732			15			1			15			1.0
67636			7			1			7			1.0
68143			7			1			7			1.0
68892			6			2			6			1.0
70001			11			1			11			1.0
71274			11			1			11			1.0
72035			11			1			11			1.0
72747			7			1			7			1.0
76413			19			1			19			1.0
76898			7			1			7			1.0
77935			7			1			7			1.0
79261			7			1			7			1.0
80279			7			1			7			1.0
82925			31			1			31			1.0
83601			6			2			6			1.0
84131			7			1			7			1.0
85253			7			1			7			1.0
86510			7			1			7			1.0
88813			15			1			15			1.0
89720			7			1			7			1.0
90712			11			2			11			1.0
92046			15			1			15			1.0
93991			15			1			15			1.0
95891			15			1			15			1.0
96546			7			1			7			1.0
97439			7			1			7			1.0
98016			7			1			7			1.0
99000			7			1			7			1.0
100289			7			1			7			1.0
101095			7			1			7			1.0
102405			15			1			15			1.0
102924			5			2			5			1.0
103708			7			1			7			1.0
105412			15			1			15			1.0
107528			15			1			15			1.0
109519			15			1			15			1.0
110151			7			1			7			1.0
110797			7			1			7			1.0
111618			7			1			7			1.0
112232			7			1			7			1.0
113494			7			1			7			1.0
114129			7			1			7			1.0
115804			15			1			15			1.0
116179			7			1			7			1.0
117499			7			1			7			1.0
118426			7			1			7			1.0
119355			7			1			7			1.0
120304			7			1			7			1.0
120982			7			1			7			1.0
121913			7			1			7			1.0
123435			11			1			10			1.1
124952			7			1			7			1.0
125458			7			1			7			1.0
129553			23			1			23			1.0
130290			7			1			7			1.0
131214			7			1			7			1.0
131724			7			1			7			1.0
133113			7			1			7			1.0
133714			7			1			7			1.0
134868			7			1			7			1.0
137504			11			2			11			1.0
137900			7			1			7			1.0
138756			7			1			7			1.0
139378			7			1			7			1.0
142128			23			1			23			1.0
143586			7			1			7			1.0
144140			7			1			7			1.0
144580			7			1			7			1.0
144854			7			1			7			1.0
145307			7			1			7			1.0
146208			7			1			7			1.0
146830			7			1			7			1.0
147654			7			1			7			1.0
148732			7			1			7			1.0
149421			7			1			7			1.0
149892			7			1			7			1.0
150665			7			1			7			1.0
151987			11			1			11			1.0
152971			11			1			11			1.0
154408			11			1			11			1.0
155458			11			1			11			1.0
156146			7			1			6			1.1666666
156849			11			1			11			1.0
158485			20			1			19			1.0526316
160525			11			1			11			1.0
161396			11			1			11			1.0
162573			11			1			11			1.0
163285			11			1			11			1.0
164458			11			1			11			1.0
165396			11			1			11			1.0
166763			11			1			11			1.0
168787			23			1			23			1.0
170735			11			1			11			1.0
171694			11			1			11			1.0
172951			11			1			11			1.0
174263			11			1			11			1.0
175142			11			1			11			1.0
176601			11			1			11			1.0
177202			11			1			11			1.0
179409			11			1			11			1.0
179959			11			1			11			1.0
181067			11			1			11			1.0
184617			35			1			35			1.0
185750			15			1			15			1.0
189152			31			1			31			1.0
190500			15			1			15			1.0
191333			11			1			10			1.1
192782			15			1			15			1.0
196127			31			1			31			1.0
197837			15			1			15			1.0
199793			9			1			9			1.0
199996			0			1			0			1.0
