903			0			1			0			1.0
18630			6			1			6			1.0
54084			7			1			7			1.0
76640			7			1			7			1.0
110848			11			1			11			1.0
152995			11			1			11			1.0
173538			11			1			11			1.0
196033			7			1			7			1.0
239269			14			1			14			1.0
266337			7			1			7			1.0
319267			14			1			14			1.0
363524			17			1			17			1.0
386371			6			1			6			1.0
417383			11			1			11			1.0
438564			7			1			7			1.0
457090			9			1			9			1.0
533126			10			1			10			1.0
549922			4			1			4			1.0
581125			8			1			8			1.0
598689			7			1			7			1.0
631940			9			1			9			1.0
657856			11			1			11			1.0
678434			7			1			7			1.0
713667			7			1			7			1.0
729986			7			1			7			1.0
760295			7			1			7			1.0
794083			7			1			7			1.0
815904			7			1			7			1.0
855716			7			1			7			1.0
878983			7			1			7			1.0
923173			11			1			11			1.0
946439			7			1			7			1.0
960999			7			1			7			1.0
974692			11			1			11			1.0
995911			7			1			7			1.0
1052390			15			1			15			1.0
1096192			19			1			19			1.0
1114181			7			1			7			1.0
1132134			7			1			7			1.0
1157478			7			1			7			1.0
1212484			23			1			23			1.0
1253793			11			1			11			1.0
1287557			15			1			15			1.0
1312737			7			1			7			1.0
1344103			11			1			11			1.0
1419107			27			1			27			1.0
1432421			7			1			7			1.0
1455431			7			1			7			1.0
1473636			7			1			7			1.0
1549377			15			1			15			1.0
1585061			11			1			11			1.0
1637573			15			1			15			1.0
1658112			7			1			7			1.0
1672000			7			1			7			1.0
1722407			11			1			11			1.0
1748484			7			1			7			1.0
1767712			7			1			7			1.0
1818787			11			1			11			1.0
1853446			19			1			19			1.0
1871078			7			1			7			1.0
1893764			7			1			7			1.0
1905862			7			1			7			1.0
1943841			7			1			7			1.0
1970535			7			1			7			1.0
2005922			7			1			7			1.0
2052583			15			1			15			1.0
2069319			7			1			7			1.0
2111456			11			1			11			1.0
2143428			7			1			7			1.0
2159139			7			1			7			1.0
2217984			15			1			15			1.0
2241665			7			1			7			1.0
2297062			15			1			15			1.0
2318209			7			1			7			1.0
2339682			7			1			7			1.0
2382912			7			1			7			1.0
2406790			7			1			7			1.0
2440419			7			1			7			1.0
2461605			15			1			15			1.0
2480864			7			1			7			1.0
2510562			7			1			7			1.0
2581346			15			1			15			1.0
2604960			7			1			7			1.0
2616772			7			1			7			1.0
2633571			7			1			7			1.0
2682629			15			1			15			1.0
2702404			7			1			7			1.0
2729251			7			1			7			1.0
2757826			7			1			7			1.0
2801154			7			1			7			1.0
2808327			7			1			7			1.0
2821799			7			1			7			1.0
2851521			7			1			7			1.0
2881506			7			1			7			1.0
2980165			23			1			23			1.0
3016483			7			1			7			1.0
3035878			7			1			7			1.0
3068260			7			1			7			1.0
3083398			7			1			7			1.0
3107809			7			1			7			1.0
3126688			7			1			7			1.0
3145703			7			1			7			1.0
3177026			7			1			7			1.0
3189924			7			1			7			1.0
3260579			15			1			15			1.0
3284805			7			1			7			1.0
3302661			7			1			7			1.0
3324359			7			1			7			1.0
3353057			7			1			7			1.0
3405318			15			1			15			1.0
3422048			7			1			7			1.0
3477056			15			1			15			1.0
3497668			7			1			7			1.0
3513572			7			1			7			1.0
3524357			7			1			7			1.0
3561700			7			1			7			1.0
3589829			7			1			7			1.0
3616422			15			1			15			1.0
3637696			7			1			7			1.0
3660129			7			1			7			1.0
3683009			7			1			7			1.0
3694852			7			1			7			1.0
3739393			15			1			15			1.0
3765127			7			1			7			1.0
3791846			7			1			7			1.0
3805637			7			1			7			1.0
3839297			7			1			7			1.0
3879109			7			1			7			1.0
3902819			7			1			7			1.0
3929890			7			1			7			1.0
3949505			7			1			7			1.0
3964868			7			1			7			1.0
4014309			15			1			15			1.0
4077095			15			1			15			1.0
4095875			7			1			7			1.0
4139399			15			1			15			1.0
4161828			7			1			7			1.0
4189668			7			1			7			1.0
4256322			23			1			23			1.0
4316486			15			1			15			1.0
4363973			7			1			7			1.0
4395204			7			1			7			1.0
4440002			7			1			7			1.0
4453092			7			1			7			1.0
4471975			7			1			7			1.0
4480487			7			1			7			1.0
4531591			11			1			11			1.0
4565350			11			1			11			1.0
4603301			11			1			11			1.0
4678628			11			1			11			1.0
4697702			11			1			11			1.0
4755810			23			1			23			1.0
4791778			11			1			11			1.0
4874340			23			1			23			1.0
4926627			23			1			23			1.0
4957699			11			1			11			1.0
5001093			11			1			11			1.0
5036263			11			1			11			1.0
5091811			11			1			11			1.0
5185476			35			1			35			1.0
5229094			11			1			11			1.0
5246085			11			1			11			1.0
5301863			11			1			11			1.0
5356736			15			1			15			1.0
5422529			15			1			15			1.0
5503714			15			1			15			1.0
5612519			31			1			31			1.0
5654306			15			1			15			1.0
5718596			15			1			15			1.0
5748967			15			1			15			1.0
5798915			15			1			15			1.0
5870114			15			1			15			1.0
5917250			15			1			15			1.0
5996514			24			1			24			1.0
5999877			0			1			0			1.0
