8			0			1			0			1.0
27			6			1			6			1.0
107			23			1			23			1.0
176			15			1			15			1.0
210			15			1			15			1.0
259			12			1			12			1.0
289			9			1			9			1.0
327			15			1			15			1.0
425			29			1			29			1.0
460			12			1			12			1.0
483			12			1			12			1.0
540			15			1			15			1.0
580			14			1			14			1.0
597			5			1			5			1.0
691			19			1			19			1.0
772			31			1			31			1.0
838			15			1			15			1.0
934			15			1			15			1.0
1029			31			1			31			1.0
1079			15			1			15			1.0
1161			23			1			23			1.0
1218			15			1			15			1.0
1278			15			1			15			1.0
1410			31			1			31			1.0
1483			23			1			23			1.0
1521			15			1			15			1.0
1563			15			1			15			1.0
1633			15			1			15			1.0
1681			15			1			15			1.0
1751			15			1			15			1.0
1810			15			1			15			1.0
1843			7			1			7			1.0
1890			15			1			15			1.0
1999			23			1			23			1.0
2048			15			1			15			1.0
2126			23			1			23			1.0
2194			31			1			31			1.0
2243			15			1			15			1.0
2277			15			1			15			1.0
2324			15			1			15			1.0
2377			15			1			15			1.0
2437			15			1			15			1.0
2475			7			1			7			1.0
2528			15			1			15			1.0
2572			15			1			15			1.0
2622			15			1			15			1.0
2689			15			1			15			1.0
2738			15			1			15			1.0
2846			31			1			31			1.0
2901			15			1			15			1.0
2947			15			1			15			1.0
3005			15			1			15			1.0
3048			15			1			15			1.0
3073			7			1			7			1.0
3112			15			1			15			1.0
3174			15			1			15			1.0
3197			7			1			7			1.0
3252			15			1			15			1.0
3311			15			1			15			1.0
3393			15			1			15			1.0
3455			15			1			15			1.0
3472			7			1			7			1.0
3551			31			1			31			1.0
3615			15			1			15			1.0
3633			7			1			7			1.0
3679			15			1			15			1.0
3731			15			1			15			1.0
3764			15			1			15			1.0
3791			7			1			7			1.0
3887			23			1			23			1.0
3932			15			1			15			1.0
3979			15			1			15			1.0
4075			23			1			23			1.0
4121			15			1			15			1.0
4173			15			1			15			1.0
4194			7			1			7			1.0
4332			39			1			39			1.0
4379			15			1			15			1.0
4396			7			1			7			1.0
4446			15			1			15			1.0
4485			15			1			15			1.0
4529			15			1			15			1.0
4632			31			1			31			1.0
4694			15			1			15			1.0
4732			7			1			7			1.0
4773			15			1			15			1.0
4806			7			1			7			1.0
4968			47			1			47			1.0
5015			15			1			15			1.0
5039			7			1			7			1.0
5097			15			1			15			1.0
5140			15			1			15			1.0
5261			31			1			31			1.0
5308			15			1			15			1.0
5358			15			1			15			1.0
5411			15			1			15			1.0
5543			31			1			31			1.0
5598			15			1			15			1.0
5638			15			1			15			1.0
5689			15			1			15			1.0
5726			15			1			15			1.0
5767			15			1			15			1.0
5814			15			1			15			1.0
5919			31			1			31			1.0
5963			15			1			15			1.0
6075			31			1			31			1.0
6185			31			1			31			1.0
6241			15			1			15			1.0
6280			15			1			15			1.0
6327			15			1			15			1.0
6406			15			1			15			1.0
6456			15			1			15			1.0
6485			15			1			15			1.0
6520			15			1			15			1.0
6637			31			1			31			1.0
6680			15			1			15			1.0
6734			15			1			15			1.0
6794			15			1			15			1.0
6835			15			1			15			1.0
6879			15			1			15			1.0
6965			15			1			15			1.0
7066			31			1			31			1.0
7143			15			1			15			1.0
7208			15			1			15			1.0
7253			15			1			15			1.0
7317			15			1			15			1.0
7352			15			1			15			1.0
7413			15			1			15			1.0
7458			15			1			15			1.0
7510			15			1			15			1.0
7545			15			1			15			1.0
7599			15			1			15			1.0
7685			31			1			31			1.0
7749			15			1			15			1.0
7837			31			1			31			1.0
7923			31			1			31			1.0
8109			63			1			63			1.0
8147			15			1			15			1.0
8192			15			1			15			1.0
8260			15			1			15			1.0
8310			15			1			15			1.0
8380			15			1			15			1.0
8421			15			1			15			1.0
8475			15			1			15			1.0
8516			15			1			15			1.0
8565			15			1			15			1.0
8628			15			1			15			1.0
8676			15			1			15			1.0
8754			31			1			31			1.0
8781			15			1			15			1.0
8844			15			1			15			1.0
8943			31			1			31			1.0
8984			15			1			15			1.0
9048			15			1			15			1.0
9095			15			1			15			1.0
9196			31			1			31			1.0
9234			15			1			15			1.0
9279			15			1			15			1.0
9420			47			1			47			1.0
9471			15			1			15			1.0
9513			15			1			15			1.0
9562			15			1			15			1.0
9648			23			1			23			1.0
9746			23			1			23			1.0
9900			47			1			47			1.0
9966			23			1			23			1.0
9996			15			1			15			1.0
9999			0			1			0			1.0
