1			0			7			0			1.0
48			98			7			14			7.0
146			175			7			25			7.0
218			133			7			19			7.0
272			77			7			11			7.0
301			84			7			12			7.0
350			119			7			17			7.0
403			98			7			14			7.0
451			84			7			12			7.0
550			217			7			31			7.0
660			308			7			44			7.0
693			63			7			9			7.0
745			133			7			19			7.0
813			133			7			19			7.0
858			63			7			9			7.0
881			63			7			9			7.0
960			133			7			19			7.0
1001			133			7			19			7.0
1057			133			7			19			7.0
1136			133			7			19			7.0
1166			63			7			9			7.0
1213			133			7			19			7.0
1269			133			7			19			7.0
1341			133			7			19			7.0
1401			133			7			19			7.0
1466			133			7			19			7.0
1512			133			7			19			7.0
1551			63			7			9			7.0
1612			133			7			19			7.0
1644			63			7			9			7.0
1666			63			7			9			7.0
1795			273			7			39			7.0
1820			63			7			9			7.0
1889			133			7			19			7.0
1993			273			7			39			7.0
2072			203			7			29			7.0
2181			273			7			39			7.0
2296			273			7			39			7.0
2325			63			7			9			7.0
2489			273			7			39			7.0
2566			203			7			29			7.0
2626			133			7			19			7.0
2663			63			7			9			7.0
2723			133			7			19			7.0
2762			63			7			9			7.0
2816			133			7			19			7.0
2981			343			7			49			7.0
3049			133			7			19			7.0
3143			273			7			39			7.0
3197			133			7			19			7.0
3238			63			7			9			7.0
3281			133			7			19			7.0
3311			63			7			9			7.0
3349			63			7			9			7.0
3366			63			7			9			7.0
3444			133			7			19			7.0
3469			63			7			9			7.0
3489			63			7			9			7.0
3567			203			7			29			7.0
3593			63			7			9			7.0
3662			133			7			19			7.0
3683			63			7			9			7.0
3734			133			7			19			7.0
3788			133			7			19			7.0
3822			63			7			9			7.0
3848			63			7			9			7.0
3875			63			7			9			7.0
3904			63			7			9			7.0
3948			63			7			9			7.0
3967			63			7			9			7.0
4030			133			7			19			7.0
4089			133			7			19			7.0
4161			133			7			19			7.0
4187			63			7			9			7.0
4202			63			7			9			7.0
4223			63			7			9			7.0
4244			63			7			9			7.0
4281			63			7			9			7.0
4391			203			7			29			7.0
4416			63			7			9			7.0
4443			63			7			9			7.0
4510			133			7			19			7.0
4552			133			7			19			7.0
4590			63			7			9			7.0
4653			133			7			19			7.0
4684			63			7			9			7.0
4715			63			7			9			7.0
4739			63			7			9			7.0
4775			63			7			9			7.0
4811			63			7			9			7.0
4889			203			7			29			7.0
4917			63			7			9			7.0
4950			63			7			9			7.0
4991			63			7			9			7.0
5007			63			7			9			7.0
5026			63			7			9			7.0
5061			63			7			9			7.0
5086			63			7			9			7.0
5128			63			7			9			7.0
5160			63			7			9			7.0
5228			203			7			29			7.0
5251			63			7			9			7.0
5277			63			7			9			7.0
5308			63			7			9			7.0
5351			63			7			9			7.0
5379			63			7			9			7.0
5434			133			7			19			7.0
5493			133			7			19			7.0
5572			133			7			19			7.0
5602			63			7			9			7.0
5634			63			7			9			7.0
5657			63			7			9			7.0
5696			133			7			19			7.0
5724			63			7			9			7.0
5765			63			7			9			7.0
5793			63			7			9			7.0
5828			126			7			18			7.0
5874			126			7			18			7.0
6042			392			7			56			7.0
6161			259			7			37			7.0
6223			126			7			18			7.0
6271			126			7			18			7.0
6340			126			7			18			7.0
6391			126			7			18			7.0
6476			189			7			27			7.0
6543			189			7			27			7.0
6629			189			7			27			7.0
6725			189			7			27			7.0
6799			189			7			27			7.0
6956			385			7			55			7.0
7249			581			7			83			7.0
7315			189			7			27			7.0
7404			189			7			27			7.0
7522			189			7			27			7.0
7590			189			7			27			7.0
7821			581			7			83			7.0
7888			189			7			27			7.0
8154			581			7			83			7.0
8219			189			7			27			7.0
8309			189			7			27			7.0
8380			189			7			27			7.0
8470			189			7			27			7.0
8540			189			7			27			7.0
8616			189			7			27			7.0
8682			189			7			27			7.0
8851			385			7			55			7.0
8941			189			7			27			7.0
9013			189			7			27			7.0
9108			189			7			27			7.0
9183			189			7			27			7.0
9246			189			7			27			7.0
9332			189			7			27			7.0
9519			385			7			55			7.0
9595			189			7			27			7.0
9680			189			7			27			7.0
9741			189			7			27			7.0
9994			539			7			77			7.0
9996			0			7			0			1.0
