1			0			1			0			1.0
54531			582			1			582			1.0
108646			639			1			639			1.0
232549			1279			1			1279			1.0
369249			1535			1			1535			1.0
585447			2303			1			2303			1.0
641762			639			1			639			1.0
660932			255			1			255			1.0
884228			2478			1			2478			1.0
909442			255			1			255			1.0
978566			767			1			767			1.0
1078752			1023			1			1023			1.0
1220359			1535			1			1535			1.0
1335907			1279			1			1279			1.0
1409831			767			1			767			1.0
1437024			255			1			255			1.0
1484000			511			1			511			1.0
1505508			255			1			255			1.0
1520482			147			1			147			1.0
1642371			1401			1			1401			1.0
1787971			1535			1			1535			1.0
1921313			1535			1			1535			1.0
1941602			255			1			255			1.0
1999808			639			1			639			1.0
2019938			255			1			255			1.0
2093092			767			1			767			1.0
2238273			1663			1			1663			1.0
2266375			296			1			296			1.0
2307426			383			1			383			1.0
2368230			639			1			639			1.0
2409697			511			1			511			1.0
2635749			2431			1			2431			1.0
2656998			255			1			255			1.0
2748832			1023			1			1023			1.0
2769570			255			1			255			1.0
2934469			1791			1			1791			1.0
2979813			511			1			511			1.0
2999042			199			1			199			1.0
3037606			456			1			456			1.0
3121281			895			1			895			1.0
3166181			511			1			511			1.0
3377252			2303			1			2303			1.0
3463041			895			1			895			1.0
3552358			895			1			895			1.0
3574311			255			1			255			1.0
3673477			1023			1			1023			1.0
3730051			639			1			639			1.0
3868897			1451			1			1451			1.0
3901158			383			1			383			1.0
3937574			383			1			383			1.0
3980485			511			1			511			1.0
4065479			895			1			895			1.0
4119746			639			1			639			1.0
4144068			255			1			255			1.0
4187365			511			1			511			1.0
4213638			255			1			255			1.0
4346912			1535			1			1535			1.0
4367520			255			1			255			1.0
4450119			895			1			895			1.0
4471524			255			1			255			1.0
4663682			2065			1			2065			1.0
4708256			511			1			511			1.0
4866277			1663			1			1663			1.0
4894338			255			1			255			1.0
5021093			1407			1			1407			1.0
5059717			383			1			383			1.0
5197537			1535			1			1535			1.0
5256647			639			1			639			1.0
5275430			186			1			186			1.0
5530051			2920			1			2920			1.0
5635205			1151			1			1151			1.0
5733159			1023			1			1023			1.0
5811589			895			1			895			1.0
5831971			255			1			255			1.0
5935778			1151			1			1151			1.0
5960359			255			1			255			1.0
5999877			476			1			476			1.0
