9			0			1			0			1.0
3033			326			1			326			1.0
4072			127			1			127			1.0
4960			127			1			127			1.0
6003			127			1			127			1.0
7787			255			1			255			1.0
8587			127			1			127			1.0
9942			191			1			191			1.0
10629			127			1			127			1.0
13730			511			1			511			1.0
15766			319			1			319			1.0
16726			127			1			127			1.0
17430			127			1			127			1.0
18644			191			1			191			1.0
19328			127			1			127			1.0
20218			127			1			127			1.0
21376			191			1			191			1.0
24363			447			1			447			1.0
26635			383			1			383			1.0
29151			383			1			383			1.0
29917			127			1			127			1.0
31241			191			1			191			1.0
35303			639			1			639			1.0
36800			255			1			255			1.0
38527			255			1			255			1.0
40889			383			1			383			1.0
44616			575			1			575			1.0
45988			191			1			191			1.0
48418			383			1			383			1.0
51068			383			1			383			1.0
52016			127			1			127			1.0
58687			1023			1			1023			1.0
60520			255			1			255			1.0
71236			1663			1			1663			1.0
72985			255			1			255			1.0
73736			127			1			127			1.0
74622			127			1			127			1.0
76050			255			1			255			1.0
76878			127			1			127			1.0
77826			127			1			127			1.0
82667			767			1			767			1.0
83570			127			1			127			1.0
84322			127			1			127			1.0
85226			127			1			127			1.0
89925			767			1			767			1.0
92495			383			1			383			1.0
93241			127			1			127			1.0
94138			127			1			127			1.0
94893			127			1			127			1.0
96580			255			1			255			1.0
97306			127			1			127			1.0
100006			383			1			383			1.0
100963			127			1			127			1.0
102608			255			1			255			1.0
103568			127			1			127			1.0
104291			127			1			127			1.0
105296			127			1			127			1.0
107735			383			1			383			1.0
110394			383			1			383			1.0
112223			255			1			255			1.0
113806			255			1			255			1.0
115519			255			1			255			1.0
116448			127			1			127			1.0
118809			383			1			383			1.0
121464			383			1			383			1.0
122255			127			1			127			1.0
126646			639			1			639			1.0
127582			127			1			127			1.0
129027			255			1			255			1.0
132268			511			1			511			1.0
134061			255			1			255			1.0
136449			383			1			383			1.0
137141			127			1			127			1.0
138827			255			1			255			1.0
141373			383			1			383			1.0
142105			127			1			127			1.0
143060			127			1			127			1.0
145457			383			1			383			1.0
150412			767			1			767			1.0
153930			511			1			511			1.0
154904			127			1			127			1.0
160116			767			1			767			1.0
162494			383			1			383			1.0
167314			767			1			767			1.0
171136			575			1			575			1.0
179474			1343			1			1343			1.0
180498			191			1			191			1.0
186595			959			1			959			1.0
187664			191			1			191			1.0
192471			767			1			767			1.0
197941			767			1			767			1.0
199973			235			1			235			1.0
199978			0			1			0			1.0
