1			0			1			0			1.0
141			131			1			131			1.0
956			754			1			754			1.0
1004			47			1			47			1.0
1300			271			1			271			1.0
1655			319			1			319			1.0
1761			95			1			95			1.0
1994			207			1			207			1.0
2279			271			1			271			1.0
2319			31			1			31			1.0
2385			63			1			63			1.0
2970			543			1			543			1.0
3714			703			1			703			1.0
3783			63			1			63			1.0
3821			31			1			31			1.0
3888			63			1			63			1.0
4027			127			1			127			1.0
4134			95			1			95			1.0
4754			575			1			575			1.0
5305			511			1			511			1.0
5345			31			1			31			1.0
5477			127			1			127			1.0
5614			127			1			127			1.0
5817			191			1			191			1.0
5955			127			1			127			1.0
5994			31			1			31			1.0
6094			95			1			95			1.0
6262			159			1			159			1.0
6564			271			1			271			1.0
6763			191			1			191			1.0
7025			239			1			239			1.0
7814			751			1			751			1.0
8156			319			1			319			1.0
9053			831			1			831			1.0
9129			63			1			63			1.0
9263			127			1			127			1.0
9999			669			1			669			1.0
10000			0			1			0			1.0
