514			0			1			0			1.0
3244			6			1			6			1.0
4222			3			1			3			1.0
5998			3			1			3			1.0
6952			3			1			3			1.0
7902			3			1			3			1.0
9900			3			1			3			1.0
10581			3			1			3			1.0
13667			3			1			3			1.0
15150			3			1			3			1.0
15665			3			1			3			1.0
17447			5			1			5			1.0
17977			3			1			3			1.0
19307			5			1			5			1.0
20306			3			1			3			1.0
23277			11			1			11			1.0
24440			7			1			7			1.0
26364			7			1			7			1.0
27906			7			1			7			1.0
30024			5			1			5			1.0
31273			5			1			5			1.0
32309			3			1			3			1.0
33836			7			1			7			1.0
34279			3			1			3			1.0
37742			19			1			19			1.0
38475			5			1			5			1.0
39831			7			1			7			1.0
40998			5			1			5			1.0
41247			3			1			3			1.0
42694			3			1			3			1.0
42996			3			1			3			1.0
44345			7			1			7			1.0
45691			5			1			5			1.0
46637			3			1			3			1.0
48530			7			1			7			1.0
49130			3			1			3			1.0
51112			3			1			3			1.0
52191			3			1			3			1.0
53429			3			1			3			1.0
54258			3			1			3			1.0
55889			3			1			3			1.0
56381			3			1			3			1.0
57795			3			1			3			1.0
58624			3			1			3			1.0
59437			5			1			5			1.0
59885			3			1			3			1.0
60407			3			1			3			1.0
61374			3			1			3			1.0
61883			3			1			3			1.0
63011			5			1			5			1.0
63858			5			1			5			1.0
64880			3			1			3			1.0
65370			3			1			3			1.0
67236			3			1			3			1.0
68816			3			1			3			1.0
71096			7			1			7			1.0
72239			5			1			5			1.0
73626			3			1			3			1.0
74368			3			1			3			1.0
76267			5			1			5			1.0
77037			3			1			3			1.0
78381			5			1			5			1.0
79739			3			1			3			1.0
81118			7			1			7			1.0
82008			3			1			3			1.0
82464			3			1			3			1.0
83699			5			1			5			1.0
84006			3			1			3			1.0
84406			3			1			3			1.0
85114			3			1			3			1.0
86460			3			1			3			1.0
87207			3			1			3			1.0
87842			3			1			3			1.0
89001			5			1			5			1.0
89829			5			1			5			1.0
91456			8			1			8			1.0
92455			3			1			3			1.0
92808			3			1			3			1.0
93229			3			1			3			1.0
94189			3			1			3			1.0
95189			3			1			3			1.0
95370			3			1			3			1.0
95749			3			1			3			1.0
96327			3			1			3			1.0
97359			7			1			7			1.0
97847			3			1			3			1.0
99120			7			1			7			1.0
99774			7			1			7			1.0
100356			3			1			3			1.0
101772			3			1			3			1.0
103821			7			1			7			1.0
106294			7			1			7			1.0
106736			3			1			3			1.0
107308			3			1			3			1.0
108266			3			1			3			1.0
109717			3			1			3			1.0
111205			3			1			3			1.0
111859			3			1			3			1.0
112303			3			1			3			1.0
113143			3			1			3			1.0
113693			3			1			3			1.0
114818			3			1			3			1.0
115537			3			1			3			1.0
116510			3			1			3			1.0
116704			3			1			3			1.0
117535			3			1			3			1.0
118264			3			1			3			1.0
119390			3			1			3			1.0
119813			3			1			3			1.0
120270			3			1			3			1.0
121042			3			1			3			1.0
122106			3			1			3			1.0
123105			3			1			3			1.0
124438			3			1			3			1.0
125257			3			1			3			1.0
127237			3			1			3			1.0
127809			3			1			3			1.0
128608			3			1			3			1.0
129064			3			1			3			1.0
130509			3			1			3			1.0
131790			3			1			3			1.0
132291			3			1			3			1.0
133128			3			1			3			1.0
135511			3			1			3			1.0
138529			11			1			11			1.0
138981			3			1			3			1.0
140782			3			1			3			1.0
141462			3			1			3			1.0
142643			3			1			3			1.0
143352			3			1			3			1.0
144026			3			1			3			1.0
144368			3			1			3			1.0
145342			7			1			7			1.0
145640			3			1			3			1.0
146434			3			1			3			1.0
148139			7			1			7			1.0
148344			3			1			3			1.0
149700			7			1			7			1.0
151082			3			1			3			1.0
151619			3			1			3			1.0
152135			3			1			3			1.0
152601			3			1			3			1.0
153242			3			1			3			1.0
154019			3			1			3			1.0
155137			3			1			3			1.0
155659			3			1			3			1.0
156208			3			1			3			1.0
156945			3			1			3			1.0
157320			3			1			3			1.0
157695			3			1			3			1.0
159128			3			1			3			1.0
159695			3			1			3			1.0
160292			3			1			3			1.0
161599			3			1			3			1.0
162142			3			1			3			1.0
164541			8			1			8			1.0
166569			5			1			5			1.0
169505			11			1			11			1.0
171481			5			1			5			1.0
172578			5			1			5			1.0
174956			11			1			11			1.0
175877			5			1			5			1.0
177293			5			1			5			1.0
178269			5			1			5			1.0
179786			5			1			5			1.0
181645			11			1			11			1.0
183551			5			1			5			1.0
184860			5			1			5			1.0
187159			5			1			5			1.0
188443			6			1			6			1.0
192192			15			1			15			1.0
194415			7			1			7			1.0
196820			7			1			7			1.0
198605			7			1			7			1.0
199373			2			1			2			1.0
199390			0			1			0			1.0
