995			0			1			0			1.0
35559			94			1			94			1.0
61955			61			1			61			1.0
77986			41			1			41			1.0
97574			63			1			63			1.0
161604			191			1			191			1.0
185253			63			1			63			1.0
205120			63			1			63			1.0
237603			95			1			95			1.0
260896			63			1			63			1.0
279395			63			1			63			1.0
349317			191			1			191			1.0
368259			63			1			63			1.0
406982			95			1			95			1.0
474208			191			1			191			1.0
504583			95			1			95			1.0
528647			63			1			63			1.0
586209			127			1			127			1.0
702404			319			1			319			1.0
723428			63			1			63			1.0
794849			191			1			191			1.0
881572			223			1			223			1.0
938599			127			1			127			1.0
1034629			255			1			255			1.0
1065985			95			1			95			1.0
1121473			159			1			159			1.0
1150214			63			1			63			1.0
1214754			191			1			191			1.0
1241476			63			1			63			1.0
1334533			287			1			287			1.0
1381253			127			1			127			1.0
1448131			159			1			159			1.0
1483553			95			1			95			1.0
1515200			63			1			63			1.0
1543267			95			1			95			1.0
1608161			191			1			191			1.0
1625895			63			1			63			1.0
1705120			223			1			223			1.0
1732256			63			1			63			1.0
1784384			159			1			159			1.0
1921060			383			1			383			1.0
1945477			63			1			63			1.0
1975814			63			1			63			1.0
2045409			223			1			223			1.0
2075493			63			1			63			1.0
2101376			95			1			95			1.0
2122533			63			1			63			1.0
2193734			191			1			191			1.0
2318403			319			1			319			1.0
2336963			63			1			63			1.0
2364704			63			1			63			1.0
2442528			255			1			255			1.0
2555303			319			1			319			1.0
2607139			127			1			127			1.0
2628736			63			1			63			1.0
2658852			63			1			63			1.0
2761031			319			1			319			1.0
2811971			127			1			127			1.0
2833284			63			1			63			1.0
2910372			191			1			191			1.0
2975207			191			1			191			1.0
3030816			127			1			127			1.0
3051623			63			1			63			1.0
3069444			63			1			63			1.0
3093284			63			1			63			1.0
3121060			63			1			63			1.0
3169479			127			1			127			1.0
3207232			127			1			127			1.0
3252261			127			1			127			1.0
3285027			63			1			63			1.0
3311207			63			1			63			1.0
3380003			191			1			191			1.0
3421123			127			1			127			1.0
3451137			63			1			63			1.0
3474369			63			1			63			1.0
3501095			63			1			63			1.0
3541250			127			1			127			1.0
3618658			191			1			191			1.0
3699716			191			1			191			1.0
3743264			127			1			127			1.0
3796743			127			1			127			1.0
3859943			191			1			191			1.0
3887621			63			1			63			1.0
3932480			127			1			127			1.0
3958400			63			1			63			1.0
3987908			63			1			63			1.0
4103719			319			1			319			1.0
4130529			63			1			63			1.0
4246148			319			1			319			1.0
4275108			63			1			63			1.0
4314755			127			1			127			1.0
4347366			95			1			95			1.0
4383559			95			1			95			1.0
4426435			95			1			95			1.0
4460389			95			1			95			1.0
4538182			191			1			191			1.0
4605958			191			1			191			1.0
4635846			95			1			95			1.0
4670214			95			1			95			1.0
4790759			287			1			287			1.0
4827075			95			1			95			1.0
4871846			95			1			95			1.0
4971238			287			1			287			1.0
5014561			95			1			95			1.0
5044485			95			1			95			1.0
5151877			287			1			287			1.0
5180965			95			1			95			1.0
5348289			415			1			415			1.0
5392583			127			1			127			1.0
5445283			127			1			127			1.0
5665313			639			1			639			1.0
5714624			127			1			127			1.0
5888103			511			1			511			1.0
5978400			255			1			255			1.0
5999012			49			1			49			1.0
5999557			0			1			0			1.0
