225			0			7			0			1.0
27264			168			7			24			7.0
44579			175			7			25			7.0
197894			1099			7			157			7.0
221344			203			7			29			7.0
244930			133			7			19			7.0
276645			273			7			39			7.0
431714			1043			7			149			7.0
469284			273			7			39			7.0
491079			203			7			29			7.0
508640			133			7			19			7.0
519045			133			7			19			7.0
548421			203			7			29			7.0
642304			623			7			89			7.0
688806			273			7			39			7.0
715492			133			7			19			7.0
740871			203			7			29			7.0
904577			1113			7			159			7.0
936162			273			7			39			7.0
963111			273			7			39			7.0
1010887			203			7			29			7.0
1027936			133			7			19			7.0
1099237			483			7			69			7.0
1125507			273			7			39			7.0
1146561			133			7			19			7.0
1182050			203			7			29			7.0
1210149			203			7			29			7.0
1245475			203			7			29			7.0
1260166			133			7			19			7.0
1367200			833			7			119			7.0
1416997			273			7			39			7.0
1511745			483			7			69			7.0
1576423			483			7			69			7.0
1599363			203			7			29			7.0
1619426			133			7			19			7.0
1644129			203			7			29			7.0
1668545			133			7			19			7.0
1764390			693			7			99			7.0
1796257			273			7			39			7.0
1824515			203			7			29			7.0
1845217			133			7			19			7.0
1869703			203			7			29			7.0
1883941			133			7			19			7.0
1917221			259			7			37			7.0
1927303			126			7			18			7.0
1961313			259			7			37			7.0
1974883			126			7			18			7.0
2071968			658			7			94			7.0
2137889			581			7			83			7.0
2167456			189			7			27			7.0
2190532			189			7			27			7.0
2210340			189			7			27			7.0
2240098			189			7			27			7.0
2280197			189			7			27			7.0
2308900			189			7			27			7.0
2332641			189			7			27			7.0
2416832			581			7			83			7.0
2436866			189			7			27			7.0
2465985			189			7			27			7.0
2485952			189			7			27			7.0
2496838			189			7			27			7.0
2518723			189			7			27			7.0
2614176			581			7			83			7.0
2630403			189			7			27			7.0
2663394			189			7			27			7.0
2683778			189			7			27			7.0
2728198			385			7			55			7.0
2751713			189			7			27			7.0
2782946			189			7			27			7.0
2808901			189			7			27			7.0
2843201			189			7			27			7.0
2929572			581			7			83			7.0
2954306			189			7			27			7.0
2993350			189			7			27			7.0
3015074			189			7			27			7.0
3073184			385			7			55			7.0
3139585			581			7			83			7.0
3158116			189			7			27			7.0
3186785			189			7			27			7.0
3220259			189			7			27			7.0
3241606			189			7			27			7.0
3268582			189			7			27			7.0
3297799			189			7			27			7.0
3335715			385			7			55			7.0
3376580			385			7			55			7.0
3467233			581			7			83			7.0
3490146			189			7			27			7.0
3548291			385			7			55			7.0
3569191			189			7			27			7.0
3658981			581			7			83			7.0
3684160			189			7			27			7.0
3753795			385			7			55			7.0
3805027			385			7			55			7.0
3860224			385			7			55			7.0
3877283			189			7			27			7.0
3898275			189			7			27			7.0
3929222			189			7			27			7.0
3973730			385			7			55			7.0
4001862			189			7			27			7.0
4032550			189			7			27			7.0
4052482			189			7			27			7.0
4080102			189			7			27			7.0
4099271			189			7			27			7.0
4123425			189			7			27			7.0
4142624			189			7			27			7.0
4187393			252			7			36			7.0
4257153			511			7			73			7.0
4341607			511			7			73			7.0
4375591			252			7			36			7.0
4466501			511			7			73			7.0
4506788			252			7			36			7.0
4573443			511			7			73			7.0
4599172			252			7			36			7.0
4674630			511			7			73			7.0
4706433			252			7			36			7.0
4734082			252			7			36			7.0
4774976			252			7			36			7.0
4808064			252			7			36			7.0
4851271			252			7			36			7.0
4877668			252			7			36			7.0
4923333			252			7			36			7.0
4961280			252			7			36			7.0
4993765			252			7			36			7.0
5034177			252			7			36			7.0
5138113			896			7			128			7.0
5203719			637			7			91			7.0
5290817			637			7			91			7.0
5329542			315			7			45			7.0
5422145			637			7			91			7.0
5471143			315			7			45			7.0
5502051			315			7			45			7.0
5554307			315			7			45			7.0
5639207			637			7			91			7.0
5700515			315			7			45			7.0
5765824			637			7			91			7.0
5814306			315			7			45			7.0
5851879			315			7			45			7.0
5943205			637			7			91			7.0
5994084			315			7			45			7.0
5999616			56			7			8			7.0
5999687			0			7			0			1.0
