197			0			1			0			1.0
12486			17			2			15			1.1333333
39745			29			1			29			1.0
65986			29			2			27			1.074074
107460			53			2			53			1.0
136962			34			2			34			1.0
157479			26			1			26			1.0
203616			49			2			49			1.0
229795			31			1			31			1.0
253411			29			2			26			1.1153846
286279			43			2			42			1.0238096
303937			26			2			25			1.04
328038			26			1			25			1.04
356358			25			2			25			1.0
390020			40			2			39			1.0256411
423301			43			1			38			1.1315789
457447			47			1			47			1.0
481858			31			1			31			1.0
507746			38			2			37			1.027027
608066			116			2			112			1.0357143
639776			24			2			23			1.0434783
701922			80			1			79			1.0126582
723139			17			2			17			1.0
777793			63			2			63			1.0
821923			55			2			55			1.0
846183			31			1			31			1.0
877095			31			2			31			1.0
933669			63			1			63			1.0
948902			24			2			24			1.0
979078			31			2			28			1.1071428
1009378			30			2			30			1.0
1030498			26			2			25			1.04
1073859			42			2			41			1.0243902
1104997			31			1			31			1.0
1188129			108			2			107			1.0093458
1253990			75			2			72			1.0416666
1294401			55			2			55			1.0
1324070			32			2			32			1.0
1354982			38			2			38			1.0
1378048			31			1			31			1.0
1406881			36			2			33			1.0909091
1444771			35			2			35			1.0
1476647			31			1			31			1.0
1495941			24			2			22			1.0909091
1558849			80			2			79			1.0126582
1585697			31			1			31			1.0
1620067			36			2			36			1.0
1639908			25			3			24			1.0416666
1680257			43			2			40			1.075
1696641			20			2			20			1.0
1723520			31			1			31			1.0
1743650			19			2			19			1.0
1771524			31			1			31			1.0
1785671			16			2			14			1.1428572
1818849			42			2			41			1.0243902
1840774			28			2			28			1.0
1862725			38			2			38			1.0
1892995			30			2			30			1.0
1918338			27			2			27			1.0
1938466			29			2			29			1.0
1981088			47			2			46			1.0217391
2048967			89			1			86			1.0348837
2087681			42			2			42			1.0
2108737			31			1			30			1.0333333
2142787			42			2			39			1.0769231
2187361			42			2			40			1.05
2211333			31			1			30			1.0333333
2242118			31			1			26			1.1923077
2264416			26			2			26			1.0
2291717			31			1			29			1.0689656
2323841			31			1			31			1.0
2343077			25			2			25			1.0
2360547			21			2			21			1.0
2474534			111			1			110			1.0090909
2484487			16			2			16			1.0
2558145			104			2			97			1.0721649
2670754			111			2			108			1.0277778
2692263			27			2			27			1.0
2722407			47			1			45			1.0444444
2737920			31			1			29			1.0689656
2762849			47			2			46			1.0217391
2801509			47			1			45			1.0444444
2828901			31			1			29			1.0689656
2857186			40			2			39			1.0256411
2896416			47			1			45			1.0444444
2916962			31			1			28			1.1071428
2964359			61			2			61			1.0
3031587			79			1			78			1.0128205
3052068			31			1			29			1.0689656
3075587			31			1			31			1.0
3103814			31			1			31			1.0
3121572			16			2			16			1.0
3148068			31			1			31			1.0
3174246			30			2			28			1.0714285
3198816			39			2			37			1.054054
3237122			42			2			41			1.0243902
3300071			59			2			59			1.0
3328709			31			1			31			1.0
3350277			31			1			31			1.0
3393376			47			1			46			1.0217391
3410466			15			2			13			1.1538461
3444359			31			1			31			1.0
3513314			75			1			73			1.0273973
3536324			21			2			21			1.0
3557504			31			1			28			1.1071428
3590147			31			1			30			1.0333333
3623364			37			2			35			1.0571429
3659713			55			1			53			1.0377358
3705219			30			2			30			1.0
3728643			29			2			28			1.0357143
3755397			38			2			34			1.117647
3826759			63			1			63			1.0
3852389			31			1			29			1.0689656
3911141			64			1			63			1.0158731
3944805			31			1			29			1.0689656
3964583			25			2			24			1.0416666
3991235			31			1			28			1.1071428
4013410			19			2			19			1.0
4041191			31			1			28			1.1071428
4065280			31			1			29			1.0689656
4106913			31			1			30			1.0333333
4123904			31			1			30			1.0333333
4156647			31			1			31			1.0
4187393			31			1			29			1.0689656
4222276			31			1			31			1.0
4239398			18			3			17			1.0588236
4267488			31			1			31			1.0
4286528			31			2			27			1.1481482
4314341			31			1			29			1.0689656
4339424			31			2			31			1.0
4366945			31			1			30			1.0333333
4397126			31			1			29			1.0689656
4430945			31			1			30			1.0333333
4487942			83			2			83			1.0
4512100			30			2			25			1.2
4568674			63			1			60			1.05
4606339			47			1			47			1.0
4713633			120			2			118			1.0169492
4735264			31			1			28			1.1071428
4819076			106			2			104			1.0192307
4842727			33			2			33			1.0
4869124			31			1			28			1.1071428
4933222			62			2			59			1.0508474
4956487			31			1			28			1.1071428
4989606			41			2			41			1.0
5013382			31			1			27			1.1481482
5038118			31			1			29			1.0689656
5071236			37			2			36			1.0277778
5107360			47			1			46			1.0217391
5150406			44			2			42			1.0476191
5187972			47			1			45			1.0444444
5267424			134			1			129			1.0387597
5297732			47			1			45			1.0444444
5334496			47			1			44			1.0681819
5366628			47			1			45			1.0444444
5407266			47			1			47			1.0
5440739			47			1			44			1.0681819
5565862			143			2			139			1.028777
5684996			143			1			135			1.0592593
5720709			47			1			45			1.0444444
5773696			47			1			46			1.0217391
5803206			47			1			45			1.0444444
5915941			143			1			140			1.0214286
5957767			47			1			45			1.0444444
5980481			47			1			42			1.1190476
5998082			21			1			20			1.05
5998566			0			1			0			1.0
