197			0			71			0			1.0
18116			13633			592			81			167.8911
42214			20884			597			107			194.68907
74438			26485			632			130			203.21909
107460			33990			649			163			208.00316
150243			32931			632			190			172.88518
180097			30173			586			158			190.4903
207171			21410			529			115			185.70166
247457			33559			452			191			175.25983
284583			35012			552			201			174.62
316229			25577			523			144			177.17392
336422			20513			600			104			196.7457
353506			14410			563			80			179.67082
370752			20827			654			95			218.68127
400290			29288			669			138			211.70067
428101			22503			589			117			191.8484
442627			15843			549			71			222.57742
460547			20667			669			107			192.66661
481348			17365			592			95			182.32431
503137			24070			763			117			205.20941
535553			20684			606			124			166.39095
553604			17082			538			95			179.35701
576291			21141			737			106			198.94334
597056			20096			689			105			190.9127
611171			15646			560			67			232.93275
664069			55337			711			253			219.03969
681383			16893			615			92			183.16273
700614			20054			612			96			208.36539
756512			49991			549			244			205.20448
787745			31061			486			155			199.8904
841221			49006			580			255			192.45015
862437			17042			689			97			175.24805
892485			30122			569			164			183.20872
917824			23074			489			109			211.15332
947878			33902			563			178			189.97914
962080			16482			609			80			205.51097
985252			20656			526			104			198.11464
1009989			20999			549			113			185.35977
1052423			43833			535			218			201.48695
1070913			17673			703			84			209.86034
1106407			34767			797			174			199.3049
1126466			22383			597			103			216.76317
1144481			17130			942			90			189.85886
1164132			21444			589			97			220.51312
1178913			13362			837			74			180.11671
1207686			33388			529			154			216.25761
1228327			20770			646			94			220.40176
1271364			46040			652			240			192.1498
1285730			14353			575			75			190.88918
1310209			24872			643			137			181.09274
1325478			14952			620			74			201.5491
1350662			21161			654			123			171.60971
1369091			19294			686			101			190.55139
1400803			32451			763			165			196.18028
1415586			14147			532			69			204.51645
1504263			74992			663			390			192.29568
1524064			17975			546			90			199.22366
1552839			26888			700			145			184.96567
1590533			40014			617			201			199.56367
1637031			44495			669			229			194.6636
1657639			20396			777			92			221.13852
1680257			22492			973			114			196.79703
1714976			32140			629			175			183.1966
1756228			41923			754			204			205.99846
1802305			43356			800			237			183.25078
1831175			31772			737			159			199.321
1855936			23305			293			117			198.6871
1893731			35024			677			189			184.84319
1919715			23359			244			110			211.82236
1952800			34918			375			174			200.17223
1990274			35506			279			183			193.53316
2010818			23608			85			115			204.76703
2090563			70579			478			370			190.7881
2115142			24102			350			126			190.80048
2142407			23274			355			129			179.96213
2177958			35352			353			182			193.75166
2215367			36771			45			204			180.67998
2315684			92014			515			475			193.63416
2344039			23071			674			127			181.20425
2387907			38104			256			200			190.9939
2410116			24513			637			110			222.28017
2444198			32012			535			164			194.70267
2473828			25141			540			131			191.4301
2489958			18937			592			93			203.1153
2625955			130413			418			663			196.799
2719524			90233			691			444			203.1732
2743844			29026			748			141			205.33858
2765024			22614			600			123			183.39299
2785248			18092			578			103			175.21298
2825315			34241			848			182			187.66563
2843041			16791			626			89			188.18483
2868515			27396			652			147			185.8971
2883715			13848			538			70			197.3238
2905799			22931			458			121			189.03632
2932550			30759			657			136			225.59642
2970311			38421			643			194			197.54558
3014656			42902			560			230			186.87521
3035906			17339			560			93			185.9696
3067140			31064			600			150			206.57228
3089637			18652			965			107			173.87895
3137952			45135			606			228			198.33098
3161856			20839			657			117			177.65994
3209959			44193			666			223			198.56512
3262599			42905			572			241			178.32205
3305698			39428			700			192			204.83847
3349350			45683			677			229			199.85896
3393632			46479			407			250			186.19409
3437635			35163			660			175			200.42772
3485762			46548			324			240			194.2705
3539364			46716			279			251			186.39468
3628263			82171			831			414			198.4611
3649445			23297			347			105			221.3123
3676864			23371			216			125			186.4953
3702308			23319			125			118			197.124
3731557			23513			464			132			177.68417
3756644			23040			606			109			210.83984
3784450			23356			321			123			189.41194
3834945			46514			572			242			192.51653
3861510			24316			45			118			205.54562
3884835			22865			552			128			178.18695
3907623			23374			378			115			202.7367
3937861			25851			526			142			181.59431
3994112			55200			549			296			186.64882
4033828			33074			538			170			194.0618
4096709			54587			578			305			179.10925
4173127			77256			566			372			207.7117
4209638			34350			606			167			205.1695
4234887			27476			558			128			214.11353
4347332			109074			549			549			198.53862
4391365			35072			261			189			185.0993
4414820			23802			700			115			206.45073
4456832			33924			663			172			196.73866
4478567			24704			615			125			197.1333
4503939			23199			606			113			204.78777
4540007			34921			170			190			183.33083
4572711			25226			589			137			183.66998
4633735			60559			686			301			201.35367
4664929			34889			190			171			203.51746
4696385			34978			202			162			215.36868
4726913			34632			663			169			204.40952
4837921			105454			259			528			199.59875
4896417			58840			130			302			194.98979
4936133			34787			355			188			184.56926
5044001			104895			606			520			201.60007
5078112			34541			558			156			220.85927
5146500			70253			91			355			197.9553
5178048			35258			105			165			213.14415
5212871			34889			313			164			212.20404
5247554			34847			250			178			195.27411
5279683			35112			99			169			207.24011
5347620			69856			654			363			192.48726
5427462			70604			449			383			184.36244
5470979			35021			298			188			185.81123
5547173			70844			39			362			195.74962
5581697			36768			59			171			214.47429
5618823			35206			358			173			202.99165
5649186			35149			481			168			208.694
5763808			106710			17			542			196.74944
5799300			35537			59			172			206.0922
5843008			36722			25			195			187.84416
5953764			110193			398			540			203.9246
5990274			35789			586			165			216.354
5999875			9457			247			50			188.66504
5999908			0			136			0			197.6788
