225			0			7			0			1.0
60739			404			6			58			6.965517
70599			77			6			11			7.0
90724			173			7			25			6.92
135334			286			7			41			6.97561
204449			537			6			77			6.974026
216359			84			6			12			7.0
247680			238			6			34			7.0
266145			147			6			21			7.0
311584			328			6			47			6.9787235
334661			154			6			22			7.0
374565			229			6			33			6.939394
389890			112			6			16			7.0
437380			311			6			45			6.911111
465126			203			7			29			7.0
479588			133			6			19			7.0
511043			273			7			39			7.0
537605			193			6			28			6.892857
621766			598			6			86			6.9534883
720261			555			6			81			6.851852
737379			160			6			23			6.9565215
770626			186			6			27			6.888889
851174			565			7			81			6.9753084
920038			442			6			64			6.90625
935745			154			6			22			7.0
953984			207			6			30			6.9
968547			119			6			17			7.0
1015969			208			6			30			6.9333334
1034787			126			6			18			7.0
1066245			248			6			36			6.888889
1099841			210			6			30			7.0
1114401			161			6			23			7.0
1148551			250			6			36			6.9444447
1187168			242			6			35			6.9142857
1220454			173			6			25			6.92
1255906			251			6			36			6.9722223
1274785			188			6			27			6.962963
1353604			587			6			85			6.9058824
1430976			433			6			62			6.983871
1512323			423			7			61			6.9344263
1544327			203			7			29			7.0
1592965			404			7			58			6.965517
1643814			396			6			57			6.9473686
1682951			231			6			33			7.0
1716741			264			7			38			6.9473686
1777061			405			6			58			6.9827585
1796257			196			6			28			7.0
1850498			376			6			54			6.962963
1870501			173			7			25			6.92
1905126			259			7			37			7.0
1928005			264			7			38			6.9473686
1954786			203			6			29			7.0
2020290			480			6			69			6.9565215
2043840			126			7			18			7.0
2070694			195			7			28			6.964286
2085251			126			7			18			7.0
2137889			465			7			67			6.9402986
2161186			146			6			21			6.952381
2194850			263			7			38			6.9210525
2216098			196			6			28			7.0
2251687			250			6			36			6.9444447
2280966			125			7			18			6.9444447
2324516			258			7			37			6.972973
2339462			125			7			18			6.9444447
2377472			259			7			37			7.0
2426145			390			7			56			6.964286
2465985			259			7			37			7.0
2512647			501			6			72			6.9583335
2528741			125			7			18			6.9444447
2566722			256			7			37			6.918919
2614176			256			7			37			6.918919
2625222			124			7			18			6.888889
2654693			189			7			27			7.0
2683975			255			7			37			6.891892
2743075			472			6			68			6.9411764
2780677			255			7			37			6.891892
2821152			319			7			46			6.9347825
2851968			124			7			18			6.888889
2943138			649			7			93			6.9784946
3004837			385			7			55			7.0
3020929			125			7			18			6.9444447
3085155			436			6			63			6.9206347
3142886			519			7			75			6.92
3179264			257			6			37			6.9459457
3198371			161			6			23			7.0
3231905			188			7			27			6.962963
3304293			564			6			81			6.962963
3320096			181			6			26			6.9615383
3376257			501			6			72			6.9583335
3403684			166			6			24			6.9166665
3430208			191			7			28			6.821429
3501059			478			7			69			6.927536
3533413			186			7			27			6.888889
3551712			161			6			23			7.0
3578530			186			7			27			6.888889
3607716			187			7			27			6.9259257
3639521			188			7			27			6.962963
3665154			185			7			27			6.851852
3694534			188			7			27			6.962963
3757031			381			6			55			6.927273
3867717			812			6			117			6.940171
3888005			188			7			27			6.962963
3942081			382			7			55			6.9454546
3958566			188			7			27			6.962963
4040997			576			7			83			6.9397593
4069601			187			7			27			6.9259257
4113056			381			7			55			6.927273
4128933			188			7			27			6.962963
4155842			188			7			27			6.962963
4189319			185			7			27			6.851852
4217443			187			7			27			6.9259257
4239939			187			7			27			6.9259257
4336928			584			6			84			6.952381
4373766			249			7			36			6.9166665
4414692			244			6			35			6.9714284
4449799			188			6			27			6.962963
4485254			252			7			36			7.0
4526501			251			7			36			6.9722223
4627169			770			7			111			6.936937
4659234			217			6			31			7.0
4748231			728			7			105			6.9333334
4791200			254			7			37			6.864865
4826405			245			6			35			7.0
4866914			254			7			37			6.864865
4891939			249			7			36			6.9166665
4940582			255			7			37			6.891892
4975008			250			7			36			6.9444447
5013378			251			7			36			6.9722223
5044133			255			7			37			6.891892
5109188			508			7			73			6.9589043
5192228			767			7			110			6.9727273
5338693			1153			7			166			6.945783
5379459			279			6			40			6.975
5468292			569			7			82			6.9390244
5497089			278			6			40			6.95
5584132			575			7			83			6.927711
5624325			315			7			45			7.0
5713511			555			6			80			6.9375
5745696			315			7			45			7.0
5873888			958			7			137			6.9927006
5912227			314			7			45			6.977778
5999616			559			7			81			6.9012346
5999687			0			7			0			1.0
