2			0			1			0			1.0
3505			710			1			710			1.0
5497			383			1			383			1.0
7633			447			1			447			1.0
11767			831			1			831			1.0
12345			127			1			127			1.0
14053			319			1			319			1.0
14655			127			1			127			1.0
15701			191			1			191			1.0
16312			127			1			127			1.0
17042			127			1			127			1.0
18596			319			1			319			1.0
21885			639			1			639			1.0
22621			127			1			127			1.0
29769			1343			1			1343			1.0
30720			191			1			191			1.0
31817			191			1			191			1.0
37533			1151			1			1151			1.0
38387			191			1			191			1.0
40643			447			1			447			1.0
45199			895			1			895			1.0
45806			127			1			127			1.0
46520			127			1			127			1.0
47980			319			1			319			1.0
48605			127			1			127			1.0
49310			127			1			127			1.0
50243			191			1			191			1.0
50791			127			1			127			1.0
54205			639			1			639			1.0
54955			127			1			127			1.0
55600			127			1			127			1.0
56109			127			1			127			1.0
56787			127			1			127			1.0
57346			127			1			127			1.0
58711			255			1			255			1.0
59290			127			1			127			1.0
61170			383			1			383			1.0
64557			639			1			639			1.0
65703			255			1			255			1.0
66960			255			1			255			1.0
68383			255			1			255			1.0
71446			639			1			639			1.0
72178			127			1			127			1.0
72741			127			1			127			1.0
73423			127			1			127			1.0
73955			127			1			127			1.0
75184			255			1			255			1.0
75909			127			1			127			1.0
77743			383			1			383			1.0
80093			511			1			511			1.0
80792			127			1			127			1.0
83255			511			1			511			1.0
83924			127			1			127			1.0
84485			127			1			127			1.0
85222			127			1			127			1.0
87061			383			1			383			1.0
89070			383			1			383			1.0
89646			127			1			127			1.0
92177			511			1			511			1.0
92712			127			1			127			1.0
95951			639			1			639			1.0
97146			255			1			255			1.0
97837			127			1			127			1.0
98427			127			1			127			1.0
99213			127			1			127			1.0
101208			383			1			383			1.0
101782			127			1			127			1.0
104368			511			1			511			1.0
104924			127			1			127			1.0
105553			127			1			127			1.0
107522			383			1			383			1.0
108114			127			1			127			1.0
111446			639			1			639			1.0
113545			383			1			383			1.0
116766			639			1			639			1.0
117338			127			1			127			1.0
119515			447			1			447			1.0
124395			959			1			959			1.0
125485			191			1			191			1.0
128507			575			1			575			1.0
129586			191			1			191			1.0
131450			383			1			383			1.0
133458			383			1			383			1.0
137220			767			1			767			1.0
140441			575			1			575			1.0
145240			959			1			959			1.0
146433			255			1			255			1.0
149141			511			1			511			1.0
149999			174			1			174			1.0
150000			0			1			0			1.0
