7			0			3			0			1.0
706			102			6			60			1.7
2275			316			5			163			1.9386503
2896			104			4			59			1.7627119
3352			95			6			52			1.8269231
4060			120			7			57			2.1052632
4417			81			5			41			1.9756098
5428			161			5			91			1.7692307
6064			101			4			59			1.7118644
6613			114			6			61			1.8688525
7120			106			6			62			1.7096775
7774			129			5			62			2.080645
8498			149			4			78			1.9102564
9088			147			5			71			2.0704226
9727			112			4			63			1.7777778
10444			143			5			74			1.9324324
10639			46			5			24			1.9166666
11224			153			8			75			2.04
11848			115			5			60			1.9166666
12196			73			5			38			1.9210526
12805			114			4			63			1.8095238
13604			109			4			57			1.9122807
14383			125			4			72			1.7361112
15232			156			6			74			2.108108
15985			155			4			81			1.9135803
16510			116			5			52			2.2307692
17071			96			6			49			1.9591837
17689			102			4			60			1.7
18229			110			4			57			1.9298246
18898			124			7			66			1.8787879
20323			230			4			117			1.965812
20839			94			6			47			2.0
21538			113			5			64			1.765625
23317			320			5			165			1.939394
24032			124			1			58			2.137931
24448			79			6			44			1.7954545
25234			172			5			85			2.0235295
26161			139			4			83			1.6746988
27118			159			5			84			1.8928572
28189			177			6			88			2.0113637
28699			84			6			45			1.8666667
29446			157			5			73			2.1506848
30829			245			7			137			1.7883211
31408			69			8			44			1.5681819
32875			249			6			133			1.8721805
33661			145			7			76			1.9078947
34378			121			6			64			1.890625
35044			136			6			74			1.8378378
35446			75			5			43			1.744186
36037			113			6			59			1.9152542
36682			122			5			62			1.967742
37819			191			4			112			1.7053572
38392			128			4			60			2.1333334
39358			175			6			88			1.9886364
40111			132			7			64			2.0625
41077			166			5			91			1.8241758
42085			169			5			84			2.0119047
42664			133			5			68			1.9558823
43306			110			6			58			1.8965517
43843			111			6			56			1.9821428
44917			191			7			96			1.9895834
46630			317			6			157			2.0191083
47419			182			7			84			2.1666667
48412			192			6			102			1.882353
49420			168			5			90			1.8666667
50062			125			4			66			1.8939394
50674			122			6			60			2.0333333
51124			76			6			40			1.9
51886			125			4			68			1.8382353
53296			299			7			146			2.0479453
55324			322			3			172			1.8720931
55784			129			1			62			2.080645
56317			129			5			64			2.015625
57013			125			5			65			1.9230769
57376			65			1			29			2.2413793
58319			188			4			94			2.0
58922			138			3			68			2.0294118
59278			66			4			35			1.8857143
60046			137			3			81			1.691358
60823			132			5			71			1.8591549
61153			65			4			36			1.8055556
62686			287			5			141			2.035461
63058			78			5			38			2.0526316
64819			314			4			157			2.0
65056			72			7			38			1.8947369
65738			162			4			81			2.0
66121			68			5			37			1.8378378
67768			341			4			168			2.0297618
68467			126			5			59			2.1355932
69430			180			5			93			1.9354838
70006			127			4			64			1.984375
71339			275			4			144			1.9097222
71809			77			4			41			1.8780488
72431			126			5			64			1.96875
73300			135			5			81			1.6666666
74695			289			3			159			1.81761
75634			173			5			85			2.035294
76298			92			4			55			1.6727272
77263			184			5			99			1.8585858
78377			253			3			134			1.8880597
79975			332			3			175			1.8971429
80416			100			6			43			2.3255813
81112			125			5			67			1.8656716
81794			127			1			73			1.7397261
83471			383			2			181			2.116022
85000			254			2			126			2.015873
85441			125			3			60			2.0833333
85975			91			6			46			1.9782609
87172			254			3			126			2.015873
87916			127			1			68			1.867647
88630			126			3			63			2.0
89404			124			5			66			1.8787879
89995			90			6			44			2.0454545
90691			125			4			67			1.8656716
91975			253			3			128			1.9765625
92842			200			6			95			2.1052632
93430			123			8			60			2.05
94120			126			4			65			1.9384615
94717			126			3			61			2.0655737
95404			127			1			63			2.015873
97651			384			3			214			1.7943925
98161			126			4			65			1.9384615
99694			253			4			142			1.7816901
100432			128			3			67			1.9104477
101167			125			4			62			2.016129
101759			134			1			63			2.1269841
102373			126			4			62			2.032258
103064			125			3			68			1.8382353
103885			129			3			77			1.6753247
104384			129			1			62			2.080645
104923			124			5			64			1.9375
106351			277			4			136			2.0367646
106981			127			5			58			2.189655
107695			149			5			76			1.9605263
110134			446			5			235			1.8978723
110959			176			5			84			2.0952382
111856			155			5			79			1.9620253
112591			134			6			72			1.8611112
113380			129			4			75			1.72
114085			137			4			76			1.8026316
114812			150			6			71			2.1126761
115819			159			4			92			1.7282609
116539			174			6			82			2.121951
117238			143			5			73			1.9589041
118045			129			6			64			2.015625
118819			156			5			79			1.9746835
119434			133			5			71			1.8732394
120154			148			7			65			2.2769232
120793			126			5			63			2.0
121648			191			4			88			2.1704545
122188			121			8			50			2.42
123101			191			1			95			2.0105264
124162			191			2			102			1.872549
125318			189			5			94			2.0106382
126461			191			1			106			1.8018868
127552			181			5			93			1.9462366
128456			190			2			97			1.9587629
129580			191			3			96			1.9895834
130471			172			6			84			2.047619
131260			179			6			84			2.1309524
132307			191			2			102			1.872549
132904			137			7			70			1.9571428
135586			540			4			270			2.0
137825			383			1			187			2.0481284
139060			191			2			98			1.9489796
140008			164			7			82			2.0
141251			191			2			99			1.9292929
144418			574			3			296			1.9391892
146327			384			1			199			1.9296483
148549			383			3			199			1.9246231
149554			189			3			95			1.9894737
149996			102			1			48			2.125
149999			0			2			0			1.0
