7			0			7			0			1.0
2765			1904			7			272			7.0
3094			252			7			36			7.0
6532			2324			7			332			7.0
7471			770			7			110			7.0
8239			511			7			73			7.0
12220			3101			7			443			7.0
12928			511			7			73			7.0
13946			511			7			73			7.0
15535			1029			7			147			7.0
16144			511			7			73			7.0
16991			511			7			73			7.0
18950			1372			7			196			7.0
21247			1358			7			194			7.0
23204			1288			7			184			7.0
24038			511			7			73			7.0
24721			511			7			73			7.0
25534			511			7			73			7.0
26191			511			7			73			7.0
26623			252			7			36			7.0
28462			1029			7			147			7.0
29881			1029			7			147			7.0
30682			511			7			73			7.0
31985			770			7			110			7.0
33833			1288			7			184			7.0
34348			252			7			36			7.0
34976			511			7			73			7.0
38278			2345			7			335			7.0
42232			2506			7			358			7.0
43646			1029			7			147			7.0
44426			511			7			73			7.0
46474			1288			7			184			7.0
47089			511			7			73			7.0
51733			3101			7			443			7.0
52072			252			7			36			7.0
53602			1029			7			147			7.0
54949			770			7			110			7.0
55861			770			7			110			7.0
56536			511			7			73			7.0
60464			2772			7			396			7.0
61556			770			7			110			7.0
62434			511			7			73			7.0
63128			511			7			73			7.0
64777			1029			7			147			7.0
65383			511			7			73			7.0
67487			1547			7			221			7.0
67780			252			7			36			7.0
68629			511			7			73			7.0
71126			1806			7			258			7.0
71420			252			7			36			7.0
73694			1547			7			221			7.0
74333			511			7			73			7.0
75632			910			7			130			7.0
76385			441			7			63			7.0
77585			917			7			131			7.0
78173			511			7			73			7.0
80224			1547			7			221			7.0
80995			511			7			73			7.0
81662			511			7			73			7.0
82015			252			7			36			7.0
82993			770			7			110			7.0
85075			1288			7			184			7.0
86413			1029			7			147			7.0
87160			511			7			73			7.0
90103			1806			7			258			7.0
90436			252			7			36			7.0
91966			1029			7			147			7.0
93625			1239			7			177			7.0
95449			1239			7			177			7.0
96304			511			7			73			7.0
97001			511			7			73			7.0
97423			252			7			36			7.0
98060			511			7			73			7.0
100777			1806			7			258			7.0
101245			252			7			36			7.0
102592			1029			7			147			7.0
104117			1029			7			147			7.0
104749			511			7			73			7.0
105007			252			7			36			7.0
105748			511			7			73			7.0
106210			252			7			36			7.0
106981			511			7			73			7.0
107656			511			7			73			7.0
108769			770			7			110			7.0
109574			511			7			73			7.0
109925			252			7			36			7.0
111043			770			7			110			7.0
113321			1456			7			208			7.0
113947			490			7			70			7.0
116185			1547			7			221			7.0
117193			770			7			110			7.0
118087			511			7			73			7.0
119077			770			7			110			7.0
123454			3101			7			443			7.0
124285			511			7			73			7.0
125213			511			7			73			7.0
127979			1806			7			258			7.0
128341			252			7			36			7.0
130406			1288			7			184			7.0
130996			427			7			61			7.0
131411			343			7			49			7.0
132752			973			7			139			7.0
136057			2324			7			332			7.0
138380			1288			7			184			7.0
140947			1547			7			221			7.0
141895			511			7			73			7.0
146062			2842			7			406			7.0
146735			511			7			73			7.0
148430			1029			7			147			7.0
149999			1099			7			157			7.0
