637			0			1			0			1.0
1967			6			1			6			1.0
2936			7			1			7			1.0
4858			7			1			7			1.0
6314			7			1			7			1.0
6576			3			1			3			1.0
7415			11			1			11			1.0
9818			11			1			11			1.0
11936			7			1			7			1.0
13082			6			1			6			1.0
14512			7			1			7			1.0
15577			7			1			7			1.0
16606			7			1			7			1.0
18827			17			1			17			1.0
19622			6			1			6			1.0
20484			6			1			6			1.0
20805			5			1			5			1.0
21471			5			1			5			1.0
23334			17			1			17			1.0
24414			6			1			6			1.0
24541			3			1			3			1.0
25030			4			1			4			1.0
25602			5			1			5			1.0
25905			2			1			2			1.0
26743			7			1			7			1.0
28353			9			1			9			1.0
29774			11			1			11			1.0
30678			7			1			7			1.0
31332			7			1			7			1.0
31819			7			1			7			1.0
33441			7			1			7			1.0
34504			7			1			7			1.0
36071			7			1			7			1.0
36845			7			1			7			1.0
37935			7			1			7			1.0
39277			11			1			11			1.0
41863			15			1			15			1.0
42697			7			1			7			1.0
43318			3			1			3			1.0
44087			7			1			7			1.0
44856			7			1			7			1.0
46387			7			1			7			1.0
47282			3			1			3			1.0
48355			7			1			7			1.0
49470			15			1			15			1.0
50489			7			1			7			1.0
51710			7			1			7			1.0
52199			7			1			7			1.0
52923			7			1			7			1.0
53796			7			1			7			1.0
54170			7			1			7			1.0
54664			3			1			3			1.0
55749			7			1			7			1.0
56160			7			1			7			1.0
57182			7			1			7			1.0
58156			11			1			11			1.0
58783			3			1			3			1.0
59744			7			1			7			1.0
61213			7			1			7			1.0
61874			7			1			7			1.0
63656			15			1			15			1.0
64928			7			1			7			1.0
66469			15			1			15			1.0
67136			3			1			3			1.0
67956			7			1			7			1.0
68241			3			1			3			1.0
69396			11			1			11			1.0
70676			7			1			7			1.0
71687			7			1			7			1.0
72283			7			1			7			1.0
73612			3			1			3			1.0
74108			7			1			7			1.0
75902			15			1			15			1.0
76262			3			1			3			1.0
76683			7			1			7			1.0
77611			7			1			7			1.0
78124			3			1			3			1.0
78919			7			1			7			1.0
79384			7			1			7			1.0
80255			7			1			7			1.0
81139			7			1			7			1.0
82077			7			1			7			1.0
83004			7			1			7			1.0
83676			7			1			7			1.0
85561			15			1			15			1.0
85941			3			1			3			1.0
87462			7			1			7			1.0
88218			7			1			7			1.0
89847			15			1			15			1.0
90751			7			1			7			1.0
91766			7			1			7			1.0
93534			7			1			7			1.0
94451			7			1			7			1.0
95964			7			1			7			1.0
96673			7			1			7			1.0
97378			7			1			7			1.0
98299			7			1			7			1.0
98691			7			1			7			1.0
99766			7			1			7			1.0
100260			7			1			7			1.0
101276			7			1			7			1.0
103436			15			1			15			1.0
104187			7			1			7			1.0
105090			7			1			7			1.0
106356			7			1			7			1.0
108044			7			1			7			1.0
109026			7			1			7			1.0
110764			15			1			15			1.0
112503			7			1			7			1.0
113295			7			1			7			1.0
114449			7			1			7			1.0
115109			7			1			7			1.0
116069			7			1			7			1.0
118927			23			1			23			1.0
119615			7			1			7			1.0
120961			7			1			7			1.0
122486			7			1			7			1.0
124491			7			1			7			1.0
125582			7			1			7			1.0
126166			7			1			7			1.0
126856			7			1			7			1.0
127812			7			1			7			1.0
128480			7			1			7			1.0
129998			7			1			7			1.0
130925			7			1			7			1.0
134074			15			1			15			1.0
136298			15			1			15			1.0
137370			7			1			7			1.0
138681			7			1			7			1.0
139821			15			1			15			1.0
142736			15			1			15			1.0
143574			7			1			7			1.0
145100			7			1			7			1.0
145892			7			1			7			1.0
146955			7			1			7			1.0
147767			7			1			7			1.0
150098			15			1			15			1.0
152290			15			1			15			1.0
153330			7			1			7			1.0
153942			7			1			7			1.0
154715			7			1			7			1.0
155912			7			1			7			1.0
156697			7			1			7			1.0
158241			7			1			7			1.0
159190			7			1			7			1.0
160124			7			1			7			1.0
161818			7			1			7			1.0
163471			7			1			7			1.0
164637			7			1			7			1.0
166120			7			1			7			1.0
166726			7			1			7			1.0
167827			7			1			7			1.0
169603			7			1			7			1.0
170287			7			1			7			1.0
172282			15			1			15			1.0
172972			7			1			7			1.0
174371			7			1			7			1.0
175126			7			1			7			1.0
177673			15			1			15			1.0
181160			15			1			15			1.0
182261			7			1			7			1.0
183442			7			1			7			1.0
184065			7			1			7			1.0
185709			15			1			15			1.0
186548			7			1			7			1.0
187821			7			1			7			1.0
188733			7			1			7			1.0
189796			7			1			7			1.0
198912			47			1			47			1.0
199902			7			1			7			1.0
199976			0			1			0			1.0
