7845			0			1			0			1.0
16418			2			1			2			1.0
59015			7			1			7			1.0
82851			7			1			7			1.0
119175			7			1			7			1.0
135586			3			1			3			1.0
170917			7			1			7			1.0
216227			7			1			7			1.0
220259			3			1			3			1.0
250598			7			1			7			1.0
290336			7			1			7			1.0
334436			7			1			7			1.0
388198			7			1			7			1.0
407782			7			1			7			1.0
459490			7			1			7			1.0
472513			5			1			5			1.0
491936			5			1			5			1.0
548583			7			1			7			1.0
582177			3			1			3			1.0
620132			7			1			7			1.0
662215			7			1			7			1.0
687200			7			1			7			1.0
709827			5			1			5			1.0
720037			5			1			5			1.0
793859			7			1			7			1.0
832355			7			1			7			1.0
880032			7			1			7			1.0
914340			9			1			9			1.0
934951			7			1			7			1.0
968802			7			1			7			1.0
1031553			15			1			15			1.0
1082053			7			1			7			1.0
1112449			7			1			7			1.0
1123046			5			1			5			1.0
1146592			7			1			7			1.0
1161190			3			1			3			1.0
1173444			5			1			5			1.0
1185859			3			1			3			1.0
1228869			13			1			13			1.0
1255971			3			1			3			1.0
1270724			7			1			7			1.0
1309026			7			1			7			1.0
1330310			5			1			5			1.0
1362688			7			1			7			1.0
1378691			5			1			5			1.0
1440033			9			1			9			1.0
1460228			7			1			7			1.0
1478627			3			1			3			1.0
1491523			5			1			5			1.0
1531968			7			1			7			1.0
1549766			7			1			7			1.0
1631940			17			1			17			1.0
1677025			9			1			9			1.0
1733313			9			1			9			1.0
1765383			7			1			7			1.0
1837252			15			1			15			1.0
1880672			11			1			11			1.0
1899715			3			1			3			1.0
1937632			7			1			7			1.0
1967329			3			1			3			1.0
1988292			7			1			7			1.0
2038755			7			1			7			1.0
2066913			3			1			3			1.0
2089382			7			1			7			1.0
2100673			3			1			3			1.0
2130176			7			1			7			1.0
2158882			7			1			7			1.0
2167911			3			1			3			1.0
2193287			7			1			7			1.0
2252421			15			1			15			1.0
2321829			15			1			15			1.0
2369189			7			1			7			1.0
2383779			3			1			3			1.0
2417348			7			1			7			1.0
2436261			7			1			7			1.0
2478916			15			1			15			1.0
2520229			7			1			7			1.0
2575938			15			1			15			1.0
2591937			3			1			3			1.0
2630695			7			1			7			1.0
2633991			3			1			3			1.0
2646306			7			1			7			1.0
2681412			7			1			7			1.0
2729313			7			1			7			1.0
2753924			7			1			7			1.0
2783170			7			1			7			1.0
2801542			7			1			7			1.0
2809541			3			1			3			1.0
2827106			7			1			7			1.0
2865796			11			1			11			1.0
2894532			7			1			7			1.0
2916868			3			1			3			1.0
2941857			7			1			7			1.0
2975172			7			1			7			1.0
2992005			3			1			3			1.0
3011462			7			1			7			1.0
3045799			3			1			3			1.0
3124516			15			1			15			1.0
3162177			5			1			5			1.0
3181444			5			1			5			1.0
3204449			5			1			5			1.0
3215782			5			1			5			1.0
3230080			5			1			5			1.0
3261024			5			1			5			1.0
3293636			5			1			5			1.0
3305637			5			1			5			1.0
3320516			5			1			5			1.0
3343713			5			1			5			1.0
3353632			5			1			5			1.0
3400577			11			1			11			1.0
3431460			5			1			5			1.0
3454532			5			1			5			1.0
3519776			15			1			15			1.0
3557221			7			1			7			1.0
3572743			7			1			7			1.0
3593824			7			1			7			1.0
3608962			7			1			7			1.0
3654342			7			1			7			1.0
3680774			7			1			7			1.0
3698180			7			1			7			1.0
3733732			7			1			7			1.0
3759142			7			1			7			1.0
3790053			7			1			7			1.0
3844547			7			1			7			1.0
3880192			7			1			7			1.0
3918080			7			1			7			1.0
3992071			15			1			15			1.0
4043105			7			1			7			1.0
4072423			7			1			7			1.0
4106371			7			1			7			1.0
4160034			7			1			7			1.0
4175396			7			1			7			1.0
4194913			7			1			7			1.0
4208227			7			1			7			1.0
4242785			7			1			7			1.0
4292483			7			1			7			1.0
4319619			7			1			7			1.0
4351399			7			1			7			1.0
4406471			7			1			7			1.0
4436771			7			1			7			1.0
4480097			7			1			7			1.0
4532198			7			1			7			1.0
4568356			7			1			7			1.0
4614210			7			1			7			1.0
4641984			7			1			7			1.0
4684387			7			1			7			1.0
4704421			7			1			7			1.0
4742821			7			1			7			1.0
4764103			7			1			7			1.0
4803526			7			1			7			1.0
4826145			7			1			7			1.0
4867810			7			1			7			1.0
4920449			7			1			7			1.0
4940709			7			1			7			1.0
4998757			15			1			15			1.0
5017574			7			1			7			1.0
5054338			7			1			7			1.0
5096032			7			1			7			1.0
5128226			7			1			7			1.0
5185185			7			1			7			1.0
5223142			7			1			7			1.0
5277860			15			1			15			1.0
5352291			7			1			7			1.0
5390791			7			1			7			1.0
5420451			7			1			7			1.0
5457126			7			1			7			1.0
5477574			7			1			7			1.0
5516417			7			1			7			1.0
5599649			15			1			15			1.0
5631334			7			1			7			1.0
5653639			7			1			7			1.0
5680320			7			1			7			1.0
5714277			7			1			7			1.0
5735331			7			1			7			1.0
5761862			7			1			7			1.0
5834944			15			1			15			1.0
5918657			17			1			17			1.0
5935396			9			1			9			1.0
5985506			9			1			9			1.0
5994951			0			1			0			1.0
5996385			0			1			0			1.0
