4013			0			1			0			1.0
6058			1			1			1			1.0
6818			2			1			2			1.0
7004			0			1			0			1.0
9818			0			1			0			1.0
12172			1			1			1			1.0
14002			1			1			1			1.0
14170			0			1			0			1.0
14512			0			1			0			1.0
15424			0			1			0			1.0
18421			0			1			0			1.0
21471			3			1			3			1.0
23137			1			1			1			1.0
23608			1			1			1			1.0
23875			0			1			0			1.0
23927			0			1			0			1.0
24414			0			1			0			1.0
24665			0			1			0			1.0
26414			1			1			1			1.0
26596			0			1			0			1.0
27224			2			1			2			1.0
29540			1			1			1			1.0
30920			1			1			1			1.0
32200			1			1			1			1.0
33441			1			1			1			1.0
34759			1			1			1			1.0
36394			1			1			1			1.0
37578			1			1			1			1.0
38217			0			1			0			1.0
39277			0			1			0			1.0
39858			0			1			0			1.0
40288			0			1			0			1.0
41947			1			1			1			1.0
44094			0			1			0			1.0
44651			0			1			0			1.0
44800			0			1			0			1.0
45871			0			1			0			1.0
46048			0			1			0			1.0
46387			0			1			0			1.0
48127			2			1			2			1.0
48483			0			1			0			1.0
49221			1			1			1			1.0
49470			1			1			1			1.0
50472			1			1			1			1.0
52817			3			1			3			1.0
53449			1			1			1			1.0
54013			1			1			1			1.0
55400			1			1			1			1.0
56018			1			1			1			1.0
57410			1			1			1			1.0
60288			1			1			1			1.0
61470			1			1			1			1.0
62137			1			1			1			1.0
63245			1			1			1			1.0
65244			1			1			1			1.0
65812			0			1			0			1.0
67136			0			1			0			1.0
67355			0			1			0			1.0
67382			0			1			0			1.0
67544			0			1			0			1.0
67921			0			1			0			1.0
68037			0			1			0			1.0
68241			0			1			0			1.0
70024			2			1			2			1.0
70818			0			1			0			1.0
70937			0			1			0			1.0
71957			0			1			0			1.0
72131			2			1			2			1.0
72208			0			1			0			1.0
73046			0			1			0			1.0
73612			0			1			0			1.0
73937			0			1			0			1.0
74108			0			1			0			1.0
75610			0			1			0			1.0
75890			0			1			0			1.0
75902			0			1			0			1.0
76266			0			1			0			1.0
76394			0			1			0			1.0
76931			0			1			0			1.0
76952			0			1			0			1.0
78041			0			1			0			1.0
78931			0			1			0			1.0
78952			0			1			0			1.0
79049			0			1			0			1.0
79636			0			1			0			1.0
80930			3			1			3			1.0
82227			1			1			1			1.0
83042			1			1			1			1.0
83574			1			1			1			1.0
84041			1			1			1			1.0
84649			1			1			1			1.0
85043			1			1			1			1.0
87674			1			1			1			1.0
89123			1			1			1			1.0
89286			1			1			1			1.0
90692			1			1			1			1.0
90751			1			1			1			1.0
94169			1			1			1			1.0
94451			1			1			1			1.0
95392			1			1			1			1.0
96764			1			1			1			1.0
97797			1			1			1			1.0
98373			1			1			1			1.0
98739			1			1			1			1.0
99794			1			1			1			1.0
102348			1			1			1			1.0
103219			1			1			1			1.0
105791			1			1			1			1.0
106356			1			1			1			1.0
108701			3			1			3			1.0
109002			1			1			1			1.0
109673			1			1			1			1.0
110379			0			1			0			1.0
110572			0			1			0			1.0
110721			0			1			0			1.0
111720			0			1			0			1.0
111944			0			1			0			1.0
114323			0			1			0			1.0
114600			1			1			1			1.0
115172			0			1			0			1.0
115374			0			1			0			1.0
116182			0			1			0			1.0
116321			0			1			0			1.0
117217			1			1			1			1.0
118154			1			1			1			1.0
118995			1			1			1			1.0
123650			1			1			1			1.0
126358			1			1			1			1.0
127899			1			1			1			1.0
128462			1			1			1			1.0
130231			1			1			1			1.0
131023			1			1			1			1.0
132227			1			1			1			1.0
132688			1			1			1			1.0
134074			1			1			1			1.0
134839			1			1			1			1.0
136298			1			1			1			1.0
136824			1			1			1			1.0
137447			1			1			1			1.0
138750			1			1			1			1.0
139886			1			1			1			1.0
141800			1			1			1			1.0
145297			3			1			3			1.0
145557			1			1			1			1.0
149232			1			1			1			1.0
149741			1			1			1			1.0
150199			1			1			1			1.0
151555			1			1			1			1.0
153330			1			1			1			1.0
154344			1			1			1			1.0
156315			1			1			1			1.0
159190			1			1			1			1.0
159758			1			1			1			1.0
160672			1			1			1			1.0
163719			3			1			3			1.0
164753			1			1			1			1.0
166185			1			1			1			1.0
170181			1			1			1			1.0
171332			1			1			1			1.0
172260			1			1			1			1.0
173224			1			1			1			1.0
174355			1			1			1			1.0
175033			1			1			1			1.0
175233			1			1			1			1.0
176575			1			1			1			1.0
181356			1			1			1			1.0
182261			1			1			1			1.0
182919			1			1			1			1.0
183592			1			1			1			1.0
184686			1			1			1			1.0
185604			1			1			1			1.0
186420			1			1			1			1.0
187711			1			1			1			1.0
188044			1			1			1			1.0
188851			1			1			1			1.0
190987			1			1			1			1.0
193245			1			1			1			1.0
195243			1			1			1			1.0
196870			1			1			1			1.0
197115			1			1			1			1.0
198486			1			1			1			1.0
198682			0			1			0			1.0
199852			0			1			0			1.0
