43170			0			1			0			1.0
75074			1			1			1			1.0
82851			0			1			0			1.0
124357			1			1			1			1.0
182694			1			1			1			1.0
227619			1			1			1			1.0
261505			1			1			1			1.0
276896			0			1			0			1.0
392192			1			1			1			1.0
396834			0			1			0			1.0
472513			1			1			1			1.0
539170			1			1			1			1.0
556897			1			1			1			1.0
637088			1			1			1			1.0
653892			0			1			0			1.0
686881			0			1			0			1.0
687397			0			1			0			1.0
713831			0			1			0			1.0
735040			0			1			0			1.0
750146			0			1			0			1.0
756672			0			1			0			1.0
902439			2			1			2			1.0
922822			1			1			1			1.0
935620			1			1			1			1.0
970144			1			1			1			1.0
1015559			1			1			1			1.0
1018211			0			1			0			1.0
1022852			0			1			0			1.0
1085283			1			1			1			1.0
1146592			0			1			0			1.0
1146787			0			1			0			1.0
1162080			0			1			0			1.0
1169345			0			1			0			1.0
1172773			0			1			0			1.0
1178564			0			1			0			1.0
1205600			0			1			0			1.0
1216932			0			1			0			1.0
1220966			0			1			0			1.0
1253443			0			1			0			1.0
1270724			0			1			0			1.0
1280513			0			1			0			1.0
1308134			0			1			0			1.0
1330310			0			1			0			1.0
1334177			0			1			0			1.0
1351744			0			1			0			1.0
1365703			0			1			0			1.0
1366567			0			1			0			1.0
1378691			1			1			1			1.0
1416550			1			1			1			1.0
1491523			1			1			1			1.0
1524292			1			1			1			1.0
1551271			1			1			1			1.0
1599044			1			1			1			1.0
1643526			1			1			1			1.0
1661635			1			1			1			1.0
1708292			1			1			1			1.0
1852263			1			1			1			1.0
1870370			0			1			0			1.0
1883909			0			1			0			1.0
1933415			0			1			0			1.0
1938817			0			1			0			1.0
1985574			0			1			0			1.0
1988292			0			1			0			1.0
2011652			0			1			0			1.0
2026788			0			1			0			1.0
2066913			0			1			0			1.0
2068800			0			1			0			1.0
2083171			0			1			0			1.0
2094246			0			1			0			1.0
2108967			0			1			0			1.0
2129926			0			1			0			1.0
2181569			0			1			0			1.0
2184516			0			1			0			1.0
2193063			0			1			0			1.0
2195811			0			1			0			1.0
2204645			0			1			0			1.0
2250277			0			1			0			1.0
2407269			0			1			0			1.0
2411872			0			1			0			1.0
2417636			0			1			0			1.0
2434369			0			1			0			1.0
2444263			0			1			0			1.0
2520229			2			1			2			1.0
2529024			0			1			0			1.0
2562373			0			1			0			1.0
2562437			0			1			0			1.0
2575938			0			1			0			1.0
2622021			0			1			0			1.0
2630695			0			1			0			1.0
2660129			0			1			0			1.0
2661159			0			1			0			1.0
2722307			0			1			0			1.0
2748995			1			1			1			1.0
2751459			0			1			0			1.0
2758209			0			1			0			1.0
2779366			0			1			0			1.0
2814534			0			1			0			1.0
2825317			0			1			0			1.0
2846913			1			1			1			1.0
2986945			3			1			3			1.0
2992037			1			1			1			1.0
2998949			1			1			1			1.0
3110471			1			1			1			1.0
3162052			1			1			1			1.0
3165670			1			1			1			1.0
3227619			1			1			1			1.0
3230080			1			1			1			1.0
3300164			1			1			1			1.0
3313510			1			1			1			1.0
3352896			1			1			1			1.0
3383265			1			1			1			1.0
3400577			1			1			1			1.0
3455745			1			1			1			1.0
3479942			1			1			1			1.0
3519776			1			1			1			1.0
3557221			0			1			0			1.0
3568005			0			1			0			1.0
3569892			0			1			0			1.0
3575461			1			1			1			1.0
3605540			0			1			0			1.0
3608962			0			1			0			1.0
3616480			0			1			0			1.0
3633223			0			1			0			1.0
3672199			0			1			0			1.0
3694880			0			1			0			1.0
3697060			0			1			0			1.0
3700259			0			1			0			1.0
3723972			0			1			0			1.0
3800099			0			1			0			1.0
3818819			0			1			0			1.0
3878017			0			1			0			1.0
3889922			0			1			0			1.0
3911139			0			1			0			1.0
3916513			0			1			0			1.0
3955302			0			1			0			1.0
3974823			0			1			0			1.0
4047298			0			1			0			1.0
4100386			0			1			0			1.0
4131204			0			1			0			1.0
4151495			0			1			0			1.0
4160034			0			1			0			1.0
4171654			0			1			0			1.0
4175396			0			1			0			1.0
4191074			1			1			1			1.0
4194499			0			1			0			1.0
4194913			0			1			0			1.0
4198912			0			1			0			1.0
4228677			1			1			1			1.0
4308196			1			1			1			1.0
4319619			1			1			1			1.0
4330405			1			1			1			1.0
4427202			1			1			1			1.0
4459687			1			1			1			1.0
4509475			1			1			1			1.0
4545634			1			1			1			1.0
4568356			1			1			1			1.0
4627780			1			1			1			1.0
4641984			1			1			1			1.0
4697764			1			1			1			1.0
4748130			1			1			1			1.0
4755879			1			1			1			1.0
4913346			1			1			1			1.0
4970946			1			1			1			1.0
4985444			1			1			1			1.0
5000037			1			1			1			1.0
5008579			1			1			1			1.0
5041984			1			1			1			1.0
5157602			1			1			1			1.0
5272513			1			1			1			1.0
5304742			1			1			1			1.0
5380707			1			1			1			1.0
5396130			1			1			1			1.0
5436997			1			1			1			1.0
5487105			1			1			1			1.0
5499812			1			1			1			1.0
5551328			1			1			1			1.0
5572705			1			1			1			1.0
5609572			1			1			1			1.0
5631972			1			1			1			1.0
5654245			1			1			1			1.0
5669952			1			1			1			1.0
5721217			1			1			1			1.0
5824516			1			1			1			1.0
5848326			1			1			1			1.0
5892803			1			1			1			1.0
5926659			1			1			1			1.0
5976772			2			1			2			1.0
5981638			0			1			0			1.0
