50			0			7			0			1.0
1155			168			7			24			7.0
1961			105			7			15			7.0
3308			147			7			21			7.0
4371			154			7			22			7.0
5170			105			7			15			7.0
6802			203			7			29			7.0
7537			119			7			17			7.0
8282			91			7			13			7.0
9055			119			7			17			7.0
10178			119			7			16			7.4375
12666			413			7			59			7.0
14855			273			7			39			7.0
19422			735			14			105			7.0
20344			133			7			19			7.0
23153			413			7			59			7.0
24062			63			7			9			7.0
25105			133			7			19			7.0
27338			273			7			39			7.0
28308			133			7			19			7.0
28542			63			7			9			7.0
29521			133			7			19			7.0
31943			322			14			46			7.0
32716			112			14			16			7.0
34267			203			7			29			7.0
35669			126			14			18			7.0
36261			63			7			9			7.0
37494			133			7			19			7.0
37852			63			7			9			7.0
38601			133			7			19			7.0
40635			273			7			39			7.0
41012			63			7			9			7.0
42334			133			7			19			7.0
43119			105			14			15			7.0
44879			273			7			39			7.0
45684			70			14			10			7.0
46036			63			7			9			7.0
47481			133			7			19			7.0
49512			273			7			39			7.0
50874			133			7			19			7.0
51538			63			7			9			7.0
52680			133			7			19			7.0
54233			126			14			18			7.0
57277			483			7			69			7.0
61025			581			14			83			7.0
61279			63			7			9			7.0
62193			133			7			19			7.0
62736			63			7			9			7.0
63322			133			7			19			7.0
65710			273			7			39			7.0
66482			133			7			19			7.0
67586			133			7			19			7.0
68159			63			7			9			7.0
69835			280			14			40			7.0
70323			63			14			9			7.0
71915			203			7			29			7.0
72787			133			7			19			7.0
73700			98			14			14			7.0
74004			63			7			9			7.0
75333			133			7			19			7.0
76149			133			7			19			7.0
77220			133			7			19			7.0
77568			63			7			9			7.0
78475			133			7			19			7.0
78733			63			7			9			7.0
79821			133			7			19			7.0
80084			63			7			9			7.0
81111			133			7			19			7.0
81982			133			7			19			7.0
82503			63			7			9			7.0
84708			273			7			39			7.0
85265			63			7			9			7.0
86117			133			7			19			7.0
87077			133			7			19			7.0
87629			63			7			9			7.0
87867			63			7			9			7.0
88984			203			7			29			7.0
89518			63			7			9			7.0
90446			168			14			24			7.0
92087			273			7			39			7.0
92712			63			7			9			7.0
93577			126			7			18			7.0
95081			126			7			18			7.0
96044			126			7			18			7.0
96361			63			14			9			7.0
97106			126			7			18			7.0
99741			392			7			56			7.0
100676			126			7			18			7.0
101709			126			7			18			7.0
104031			259			7			37			7.0
104532			63			7			8			7.875
105372			126			7			18			7.0
107361			259			7			37			7.0
108529			126			7			18			7.0
109423			126			7			18			7.0
109840			63			7			8			7.875
110992			126			7			18			7.0
111609			63			7			8			7.875
112719			126			7			18			7.0
113976			189			7			27			7.0
119265			581			7			83			7.0
122393			385			7			55			7.0
123599			189			7			27			7.0
124591			189			7			27			7.0
125957			189			7			27			7.0
127092			189			7			27			7.0
127946			175			14			25			7.0
129009			189			7			27			7.0
130774			189			7			27			7.0
133163			385			7			55			7.0
134451			189			7			27			7.0
135914			189			7			27			7.0
139131			378			14			54			7.0
139907			126			7			17			7.4117646
141730			189			7			27			7.0
142912			189			7			27			7.0
147406			581			7			83			7.0
148684			189			7			27			7.0
149608			126			7			17			7.4117646
150477			189			7			27			7.0
151690			189			7			27			7.0
152857			126			7			17			7.4117646
153931			189			7			27			7.0
155208			189			7			27			7.0
156457			168			14			24			7.0
160825			581			7			83			7.0
162280			182			14			26			7.0
164315			182			14			26			7.0
165423			189			7			27			7.0
166979			189			7			27			7.0
167786			126			7			17			7.4117646
168942			189			7			27			7.0
170443			189			7			27			7.0
171422			126			14			17			7.4117646
173001			189			7			27			7.0
174354			189			7			27			7.0
175517			189			7			27			7.0
176681			126			7			17			7.4117646
177324			126			7			17			7.4117646
178795			189			7			27			7.0
179731			189			7			27			7.0
182986			385			7			55			7.0
185795			385			7			55			7.0
187369			189			7			27			7.0
189750			385			7			55			7.0
191539			189			7			27			7.0
192181			126			14			18			7.0
193575			189			7			27			7.0
195641			385			7			55			7.0
198299			385			7			55			7.0
199781			189			7			27			7.0
199963			7			7			1			7.0
199985			0			7			0			1.0
