2                               0                               1                               0                               1                               
24551                           4981                            5                               3360                            1.48244                         
976899                          190474                          6                               130795                          1.456279                        
3177185                         440368                          5                               301655                          1.45984                         
3180422                         699                             5                               468                             1.49359                         
3217153                         7303                            7                               5043                            1.448146                        
3859782                         129114                          5                               88405                           1.460483                        
4190631                         66536                           5                               45681                           1.456536                        
5040517                         170007                          6                               116445                          1.459977                        
5451872                         82320                           5                               56337                           1.461207                        
5879748                         85981                           5                               58791                           1.462486                        
5883584                         717                             5                               503                             1.425447                        
5999972                         23639                           1                               16170                           1.461905                        
5999973                         0                               1                               0                               1                               