10			0			1			0			1.0
5518			1094			1			1094			1.0
6373			191			1			191			1.0
7024			127			1			127			1.0
9360			511			1			511			1.0
11111			319			1			319			1.0
17799			1343			1			1343			1.0
26816			1727			1			1727			1.0
28046			255			1			255			1.0
29464			255			1			255			1.0
32234			575			1			575			1.0
37298			959			1			959			1.0
40439			639			1			639			1.0
41789			255			1			255			1.0
42646			191			1			191			1.0
47742			1023			1			1023			1.0
48279			127			1			127			1.0
51758			703			1			703			1.0
52772			191			1			191			1.0
54973			447			1			447			1.0
55691			127			1			127			1.0
56188			127			1			127			1.0
58131			383			1			383			1.0
59905			383			1			383			1.0
66968			1407			1			1407			1.0
67544			127			1			127			1.0
70132			511			1			511			1.0
71306			255			1			255			1.0
71975			127			1			127			1.0
73478			255			1			255			1.0
74043			127			1			127			1.0
75471			255			1			255			1.0
77916			511			1			511			1.0
78570			127			1			127			1.0
79139			127			1			127			1.0
80491			255			1			255			1.0
81084			127			1			127			1.0
81786			127			1			127			1.0
82329			127			1			127			1.0
84926			511			1			511			1.0
85514			127			1			127			1.0
91192			1151			1			1151			1.0
96409			1023			1			1023			1.0
98908			511			1			511			1.0
99601			127			1			127			1.0
100780			255			1			255			1.0
106434			1151			1			1151			1.0
110319			767			1			767			1.0
111003			127			1			127			1.0
112837			383			1			383			1.0
115610			511			1			511			1.0
124774			1855			1			1855			1.0
127454			575			1			575			1.0
130324			575			1			575			1.0
131457			191			1			191			1.0
132300			191			1			191			1.0
134213			383			1			383			1.0
135958			383			1			383			1.0
138046			383			1			383			1.0
149199			2175			1			2175			1.0
150585			255			1			255			1.0
152990			511			1			511			1.0
170883			3583			1			3583			1.0
178579			1535			1			1535			1.0
184553			1279			1			1279			1.0
187358			511			1			511			1.0
189773			511			1			511			1.0
196014			1279			1			1279			1.0
198566			511			1			511			1.0
199999			317			1			317			1.0
200000			0			1			0			1.0
