10			0			7			0			1.0
13			0			11			0			1.0
39			25			10			3			8.333333
61			20			11			4			5.0
89			34			6			5			6.8
1001			31			8			3			10.333333
1014			16			3			3			5.3333335
1047			15			3			2			7.5
1058			29			6			3			9.666667
1074			10			11			1			10.0
2025			12			10			3			4.0
2076			27			11			4			6.75
3038			31			7			6			5.1666665
3059			40			7			4			10.0
3095			30			8			3			10.0
4045			12			8			2			6.0
4064			28			9			3			9.333333
4082			17			14			2			8.5
5011			10			4			2			5.0
5041			31			10			4			7.75
5067			31			10			4			7.75
6007			44			10			6			7.3333335
6014			15			2			2			7.5
6024			25			5			3			8.333333
6064			37			10			5			7.4
6080			8			14			1			8.0
7011			40			9			4			10.0
7026			38			6			4			9.5
7049			28			10			3			9.333333
7067			31			11			4			7.75
7090			20			11			3			6.6666665
8016			19			9			3			6.3333335
8034			14			9			2			7.0
8061			30			9			4			7.5
8082			26			10			3			8.666667
9016			39			12			6			6.5
9028			14			4			2			7.0
9041			37			10			5			7.4
9065			24			11			4			6.0
9076			15			8			2			7.5
10029			29			9			4			7.25
10058			16			4			2			8.0
11009			37			9			4			9.25
11016			11			12			1			11.0
11036			10			9			2			5.0
11060			34			10			5			6.8
12002			27			7			2			13.5
12044			31			10			4			7.75
12064			7			15			1			7.0
12085			26			9			3			8.666667
13007			25			9			4			6.25
13022			15			10			2			7.5
13036			18			8			3			6.0
13074			27			3			4			6.75
14002			21			9			2			10.5
14024			31			8			4			7.75
14030			19			10			2			9.5
14033			12			9			2			6.0
14065			23			3			3			7.6666665
15005			37			9			4			9.25
15046			40			9			5			8.0
15082			24			9			4			6.0
16034			28			10			4			7.0
16056			32			11			4			8.0
17014			26			8			5			5.2
17044			19			9			3			6.3333335
17055			11			11			2			5.5
18011			28			6			4			7.0
18025			15			10			2			7.5
18033			9			6			1			9.0
19001			31			9			4			7.75
19008			13			11			2			6.5
19037			23			11			3			7.6666665
19075			30			9			4			7.5
20019			24			10			2			12.0
20065			38			6			4			9.5
21020			36			14			5			7.2
21041			15			5			2			7.5
21053			19			10			2			9.5
22049			45			2			6			7.5
22070			27			2			3			9.0
23004			26			11			3			8.666667
23037			29			9			4			7.25
23051			12			10			2			6.0
23058			16			12			2			8.0
24014			24			12			3			8.0
24024			14			14			2			7.0
24070			30			9			4			7.5
25010			26			10			3			8.666667
25035			14			9			2			7.0
25054			13			12			2			6.5
25059			8			18			1			8.0
25068			6			16			1			6.0
26007			25			5			3			8.333333
26021			15			9			2			7.5
26036			27			9			3			9.0
26048			22			5			4			5.5
26064			30			12			2			15.0
27017			34			8			4			8.5
27030			15			10			2			7.5
27050			23			4			3			7.6666665
27055			12			10			1			12.0
28008			20			5			3			6.6666665
28013			12			10			1			12.0
28031			28			11			4			7.0
28047			12			9			2			6.0
29006			31			9			6			5.1666665
29019			13			9			2			6.5
29027			14			12			2			7.0
29032			9			8			1			9.0
30029			25			11			5			5.0
30047			27			8			3			9.0
30063			16			16			2			8.0
31008			30			13			4			7.5
31050			24			12			3			8.0
32007			31			13			5			6.2
32028			12			8			1			12.0
32045			18			8			2			9.0
33009			13			13			3			4.3333335
33017			11			5			1			11.0
33025			21			8			3			7.0
34013			29			11			4			7.25
35001			33			5			4			8.25
35030			38			11			4			9.5
36004			47			14			7			6.714286
36044			31			11			5			6.2
37005			17			13			2			8.5
37026			30			12			4			7.5
38009			33			10			5			6.6
38025			15			12			2			7.5
38043			22			4			3			7.3333335
39013			32			8			4			8.0
39032			19			11			3			6.3333335
40010			25			5			3			8.333333
40023			31			12			4			7.75
41002			33			9			5			6.6
41022			13			12			2			6.5
41051			44			5			6			7.3333335
42018			23			6			2			11.5
42037			18			4			2			9.0
43012			29			11			4			7.25
43043			31			9			5			6.2
44007			21			12			3			7.0
44017			11			10			2			5.5
45005			21			10			3			7.0
45034			14			4			2			7.0
45050			27			8			3			9.0
46025			18			15			3			6.0
46038			20			16			3			6.6666665
46051			17			4			2			8.5
47007			15			12			2			7.5
47031			19			9			3			6.3333335
48003			26			12			4			6.5
48023			12			15			2			6.0
48036			7			16			1			7.0
49028			26			12			4			6.5
50001			27			12			4			6.75
50046			24			15			4			6.0
51001			24			6			2			12.0
51013			16			13			2			8.0
51045			42			15			5			8.4
52040			30			4			4			7.5
53011			24			13			3			8.0
53037			28			9			3			9.333333
54043			31			7			4			7.75
56009			30			5			5			6.0
56024			22			6			2			11.0
56039			26			9			5			5.2
57013			31			9			4			7.75
58003			31			9			4			7.75
58020			11			12			2			5.5
59008			30			8			5			6.0
59037			23			14			4			5.75
60022			29			8			4			7.25
61015			26			10			4			6.5
62002			29			3			4			7.25
62012			21			13			3			7.0
62027			25			10			3			8.333333
63009			33			11			4			8.25
63032			25			9			3			8.333333
65012			44			9			5			8.8
65032			31			9			3			10.333333
66015			31			6			3			10.333333
67001			40			4			5			8.0
67021			31			8			3			10.333333
70010			31			12			5			6.2
71009			30			10			4			7.5
73002			38			4			5			7.6
74016			34			9			5			6.8
75011			25			9			4			6.25
76015			25			10			4			6.25
77018			40			8			6			6.6666665
79009			35			5			4			8.75
81007			31			5			4			7.75
83007			34			9			5			6.8
87000			43			6			6			7.1666665
90005			46			11			5			9.2
93001			41			11			4			10.25
96002			19			6			3			6.3333335
97001			0			6			0			1.0
