39			0			1			0			1.0
6499			6			1			6			1.0
48355			23			1			23			1.0
81698			15			1			15			1.0
102338			15			1			15			1.0
135907			22			1			22			1.0
164994			15			1			15			1.0
195142			14			1			14			1.0
260358			40			1			40			1.0
294725			15			1			15			1.0
318593			20			1			20			1.0
352453			19			1			19			1.0
398501			31			1			31			1.0
430820			15			1			15			1.0
456643			15			1			15			1.0
476262			15			1			15			1.0
512259			15			1			15			1.0
568417			39			1			39			1.0
585922			15			1			15			1.0
650950			47			1			47			1.0
711237			39			1			39			1.0
735940			15			1			15			1.0
768804			15			1			15			1.0
789092			15			1			15			1.0
872131			55			1			55			1.0
936513			39			1			39			1.0
984866			23			1			23			1.0
1001447			15			1			15			1.0
1021568			15			1			15			1.0
1087748			31			1			31			1.0
1164580			55			1			55			1.0
1189312			15			1			15			1.0
1215108			15			1			15			1.0
1257474			15			1			15			1.0
1282051			15			1			15			1.0
1315652			15			1			15			1.0
1328711			15			1			15			1.0
1346277			15			1			15			1.0
1387333			15			1			15			1.0
1414114			15			1			15			1.0
1429728			15			1			15			1.0
1449990			15			1			15			1.0
1495270			23			1			23			1.0
1525890			23			1			23			1.0
1536353			15			1			15			1.0
1572613			15			1			15			1.0
1599617			15			1			15			1.0
1621635			23			1			23			1.0
1653733			15			1			15			1.0
1676677			15			1			15			1.0
1714403			23			1			23			1.0
1735398			15			1			15			1.0
1769792			15			1			15			1.0
1841767			47			1			47			1.0
1928483			55			1			55			1.0
2068103			79			1			79			1.0
2089734			15			1			15			1.0
2148774			39			1			39			1.0
2173635			15			1			15			1.0
2194503			15			1			15			1.0
2212068			15			1			15			1.0
2246209			23			1			23			1.0
2296420			23			1			23			1.0
2360963			47			1			47			1.0
2375970			15			1			15			1.0
2422883			23			1			23			1.0
2475297			31			1			31			1.0
2493955			15			1			15			1.0
2522500			15			1			15			1.0
2543234			15			1			15			1.0
2587521			31			1			31			1.0
2612705			15			1			15			1.0
2642406			15			1			15			1.0
2679910			15			1			15			1.0
2704640			15			1			15			1.0
2739588			15			1			15			1.0
2764647			15			1			15			1.0
2797216			15			1			15			1.0
2868647			47			1			47			1.0
2894436			15			1			15			1.0
2923170			15			1			15			1.0
2956704			15			1			15			1.0
2978662			15			1			15			1.0
3007168			15			1			15			1.0
3024039			15			1			15			1.0
3054114			15			1			15			1.0
3071233			15			1			15			1.0
3095653			15			1			15			1.0
3122752			15			1			15			1.0
3144934			15			1			15			1.0
3193728			31			1			31			1.0
3214563			15			1			15			1.0
3239619			15			1			15			1.0
3361857			63			1			63			1.0
3396448			15			1			15			1.0
3451457			31			1			31			1.0
3483813			15			1			15			1.0
3550181			47			1			47			1.0
3623363			47			1			47			1.0
3657090			15			1			15			1.0
3673863			15			1			15			1.0
3694624			15			1			15			1.0
3743621			31			1			31			1.0
3771494			15			1			15			1.0
3890852			63			1			63			1.0
3916419			15			1			15			1.0
3943139			15			1			15			1.0
3964833			15			1			15			1.0
4021415			31			1			31			1.0
4055495			15			1			15			1.0
4078022			15			1			15			1.0
4096832			15			1			15			1.0
4125794			15			1			15			1.0
4144518			15			1			15			1.0
4180578			15			1			15			1.0
4204290			15			1			15			1.0
4233190			15			1			15			1.0
4265126			15			1			15			1.0
4291367			15			1			15			1.0
4333764			15			1			15			1.0
4355270			15			1			15			1.0
4382372			15			1			15			1.0
4423010			31			1			31			1.0
4447041			15			1			15			1.0
4477696			15			1			15			1.0
4495169			15			1			15			1.0
4538468			31			1			31			1.0
4571109			15			1			15			1.0
4627232			31			1			31			1.0
4643620			15			1			15			1.0
4663808			15			1			15			1.0
4680163			15			1			15			1.0
4710915			15			1			15			1.0
4732227			15			1			15			1.0
4824192			47			1			47			1.0
4845376			23			1			23			1.0
4887744			23			1			23			1.0
4920514			23			1			23			1.0
4991012			47			1			47			1.0
5037603			23			1			23			1.0
5075879			23			1			23			1.0
5121830			23			1			23			1.0
5181344			23			1			23			1.0
5214017			23			1			23			1.0
5263043			23			1			23			1.0
5303649			23			1			23			1.0
5336451			23			1			23			1.0
5374887			23			1			23			1.0
5423264			23			1			23			1.0
5444480			23			1			23			1.0
5497347			23			1			23			1.0
5537763			23			1			23			1.0
5603879			47			1			47			1.0
5638407			23			1			23			1.0
5688422			31			1			31			1.0
5746592			31			1			31			1.0
5821828			31			1			31			1.0
5871778			31			1			31			1.0
5940288			31			1			31			1.0
5997122			31			1			31			1.0
5998112			1			1			1			1.0
