5222                            0                               10                              0                               1                               
46087                           60                              10                              6                               10                              
70112                           30                              10                              3                               10                              
84260                           30                              10                              3                               10                              
112896                          50                              10                              5                               10                              
172293                          50                              10                              5                               10                              
205222                          30                              10                              3                               10                              
223015                          50                              10                              5                               10                              
241088                          30                              10                              3                               10                              
284228                          47                              10                              5                               9.4                             
314245                          30                              10                              3                               10                              
351684                          30                              10                              3                               10                              
365444                          30                              10                              3                               10                              
386528                          30                              10                              3                               10                              
410752                          40                              10                              5                               8                               
427521                          50                              10                              5                               10                              
462501                          50                              10                              5                               10                              
490499                          30                              10                              3                               10                              
492134                          30                              10                              3                               10                              
559041                          50                              10                              5                               10                              
584448                          40                              10                              4                               10                              
655782                          70                              10                              7                               10                              
679076                          26                              10                              3                               8.666667                        
702503                          30                              10                              3                               10                              
795428                          90                              10                              9                               10                              
814437                          44                              10                              5                               8.8                             
844166                          30                              10                              3                               10                              
882241                          30                              10                              3                               10                              
899718                          26                              10                              3                               8.666667                        
929638                          30                              10                              3                               10                              
948834                          49                              10                              5                               9.8                             
985828                          58                              10                              6                               9.666667                        
1007491                         48                              10                              6                               8                               
1041476                         30                              10                              3                               10                              
1079488                         30                              10                              3                               10                              
1096164                         30                              10                              3                               10                              
1120678                         30                              10                              3                               10                              
1143011                         37                              10                              4                               9.25                            
1194977                         30                              10                              3                               10                              
1229319                         52                              10                              6                               8.666667                        
1285538                         30                              10                              3                               10                              
1337379                         49                              10                              6                               8.166667                        
1373446                         34                              10                              4                               8.5                             
1420481                         50                              10                              5                               10                              
1451334                         30                              10                              3                               10                              
1476325                         56                              10                              6                               9.333333                        
1502757                         30                              10                              3                               10                              
1560610                         45                              10                              5                               9                               
1571780                         30                              10                              3                               10                              
1575713                         23                              10                              3                               7.666667                        
1607042                         30                              10                              3                               10                              
1636480                         33                              10                              4                               8.25                            
1670529                         70                              10                              7                               10                              
1687815                         19                              10                              2                               9.5                             
1758726                         90                              10                              9                               10                              
1772709                         30                              10                              3                               10                              
1787557                         30                              10                              3                               10                              
1800070                         30                              10                              3                               10                              
1835520                         30                              10                              3                               10                              
1907969                         91                              10                              10                              9.1                             
1936165                         70                              10                              7                               10                              
1954211                         30                              10                              3                               10                              
2082565                         108                             10                              11                              9.818182                        
2092935                         30                              10                              3                               10                              
2119298                         30                              10                              3                               10                              
2192933                         50                              10                              5                               10                              
2214375                         30                              10                              3                               10                              
2236932                         44                              10                              5                               8.8                             
2292865                         90                              10                              9                               10                              
2331876                         50                              10                              5                               10                              
2357925                         30                              10                              3                               10                              
2427457                         33                              10                              4                               8.25                            
2459555                         29                              10                              3                               9.666667                        
2471009                         30                              10                              3                               10                              
2508035                         30                              10                              3                               10                              
2539520                         30                              10                              3                               10                              
2567296                         30                              10                              3                               10                              
2581638                         30                              10                              3                               10                              
2633123                         30                              10                              3                               10                              
2669508                         20                              10                              2                               10                              
2706567                         43                              10                              5                               8.6                             
2731207                         50                              10                              5                               10                              
2843782                         170                             10                              17                              10                              
2898500                         50                              10                              5                               10                              
2913094                         50                              10                              5                               10                              
2969344                         57                              10                              6                               9.5                             
2989607                         30                              10                              3                               10                              
3009287                         23                              9                               3                               7.666667                        
3053122                         30                              7                               3                               10                              
3075942                         30                              10                              3                               10                              
3109569                         25                              10                              3                               8.333333                        
3127649                         30                              10                              3                               10                              
3149059                         30                              10                              3                               10                              
3197125                         70                              10                              7                               10                              
3206914                         30                              10                              3                               10                              
3237477                         70                              10                              7                               10                              
3261699                         30                              10                              3                               10                              
3298177                         30                              10                              3                               10                              
3336262                         70                              10                              7                               10                              
3363622                         30                              10                              3                               10                              
3379875                         30                              10                              3                               10                              
3398051                         28                              10                              3                               9.333333                        
3432960                         30                              10                              3                               10                              
3454791                         30                              10                              3                               10                              
3491939                         30                              10                              3                               10                              
3505414                         30                              10                              3                               10                              
3536225                         30                              10                              3                               10                              
3574627                         30                              10                              3                               10                              
3592357                         30                              10                              3                               10                              
3617154                         30                              10                              3                               10                              
3647238                         55                              10                              7                               7.857143                        
3674532                         30                              10                              3                               10                              
3733698                         30                              10                              3                               10                              
3753058                         30                              10                              3                               10                              
3774978                         30                              10                              3                               10                              
3795715                         30                              10                              3                               10                              
3830886                         70                              10                              7                               10                              
3858179                         70                              10                              7                               10                              
3905056                         30                              10                              3                               10                              
3926119                         30                              10                              3                               10                              
3934945                         30                              10                              3                               10                              
3955937                         30                              10                              3                               10                              
3969059                         28                              10                              3                               9.333333                        
3995043                         21                              10                              3                               7                               
4023844                         30                              10                              3                               10                              
4071111                         30                              1                               3                               10                              
4112963                         30                              10                              3                               10                              
4121285                         30                              10                              3                               10                              
4145378                         30                              10                              3                               10                              
4169057                         30                              10                              3                               10                              
4197346                         30                              10                              3                               10                              
4202213                         25                              7                               3                               8.333333                        
4231266                         30                              10                              3                               10                              
4271235                         30                              10                              3                               10                              
4315394                         30                              10                              3                               10                              
4369668                         27                              10                              3                               9                               
4414466                         70                              10                              7                               10                              
4428416                         27                              10                              3                               9                               
4461127                         30                              10                              3                               10                              
4481317                         30                              10                              3                               10                              
4515013                         30                              10                              3                               10                              
4545540                         30                              10                              3                               10                              
4561093                         27                              10                              3                               9                               
4589538                         30                              10                              3                               10                              
4629632                         31                              10                              4                               7.75                            
4660164                         30                              10                              3                               10                              
4689603                         30                              10                              3                               10                              
4708676                         34                              10                              4                               8.5                             
4744679                         40                              10                              4                               10                              
4757190                         40                              10                              4                               10                              
4770785                         40                              10                              4                               10                              
4792739                         40                              10                              4                               10                              
4812868                         40                              10                              5                               8                               
4864512                         40                              10                              4                               10                              
4889831                         40                              10                              4                               10                              
4935974                         45                              10                              5                               9                               
4980007                         40                              10                              4                               10                              
5022116                         47                              10                              5                               9.4                             
5063328                         40                              10                              4                               10                              
5113061                         50                              10                              5                               10                              
5136806                         50                              10                              5                               10                              
5182595                         45                              10                              5                               9                               
5253699                         43                              10                              5                               8.6                             
5283136                         44                              10                              5                               8.8                             
5308482                         48                              10                              5                               9.6                             
5338113                         50                              10                              5                               10                              
5369892                         50                              10                              5                               10                              
5417187                         46                              10                              5                               9.2                             
5445156                         49                              10                              6                               8.166667                        
5493540                         50                              10                              5                               10                              
5532036                         46                              10                              6                               7.666667                        
5576934                         50                              10                              5                               10                              
5620803                         42                              10                              5                               8.4                             
5668065                         50                              10                              5                               10                              
5734119                         44                              10                              5                               8.8                             
5801699                         43                              10                              6                               7.166667                        
5822375                         50                              10                              5                               10                              
5861863                         48                              10                              5                               9.6                             
5931969                         43                              10                              5                               8.6                             
5987814                         110                             10                              11                              10                              
5991077                         0                               10                              0                               1                               
5999809                         0                               10                              0                               1                               