1                               0                               4                               0                               1                               
48                              87                              7                               33                              2.636364                        
94                              81                              1                               26                              3.115385                        
150                             123                             8                               41                              3                               
196                             86                              6                               27                              3.185185                        
230                             83                              7                               25                              3.32                            
297                             151                             8                               48                              3.145833                        
341                             113                             8                               33                              3.424242                        
387                             91                              7                               26                              3.5                             
426                             85                              7                               28                              3.035714                        
465                             94                              6                               31                              3.032258                        
513                             99                              7                               28                              3.535714                        
571                             137                             6                               42                              3.261905                        
647                             146                             7                               46                              3.173913                        
668                             43                              7                               12                              3.583333                        
727                             115                             6                               42                              2.738095                        
758                             78                              6                               22                              3.545455                        
805                             91                              6                               31                              2.935484                        
860                             113                             2                               34                              3.323529                        
896                             84                              6                               27                              3.111111                        
963                             149                             7                               48                              3.104167                        
1010                            98                              1                               34                              2.882353                        
1070                            146                             7                               43                              3.395349                        
1143                            148                             1                               49                              3.020408                        
1189                            81                              9                               25                              3.24                            
1303                            251                             6                               76                              3.302632                        
1433                            270                             6                               84                              3.214286                        
1483                            84                              7                               25                              3.36                            
1549                            158                             10                              51                              3.098039                        
1600                            108                             8                               33                              3.272727                        
1639                            57                              7                               22                              2.590909                        
1692                            117                             5                               36                              3.25                            
1718                            68                              7                               20                              3.4                             
1760                            96                              8                               30                              3.2                             
1903                            285                             6                               94                              3.031915                        
1951                            106                             8                               33                              3.212121                        
1986                            100                             8                               25                              4                               
2091                            239                             6                               66                              3.621212                        
2150                            120                             7                               38                              3.157895                        
2256                            256                             8                               72                              3.555556                        
2285                            64                              7                               21                              3.047619                        
2353                            127                             3                               46                              2.76087                         
2377                            62                              5                               19                              3.263158                        
2416                            124                             7                               32                              3.875                           
2476                            134                             6                               39                              3.435897                        
2514                            101                             5                               30                              3.366667                        
2591                            159                             1                               55                              2.890909                        
2659                            145                             6                               45                              3.222222                        
2695                            92                              5                               27                              3.407408                        
2725                            67                              5                               21                              3.190476                        
2769                            112                             5                               31                              3.612903                        
2827                            143                             6                               43                              3.325581                        
2885                            121                             8                               41                              2.95122                         
2910                            55                              7                               17                              3.235294                        
2974                            154                             1                               45                              3.422222                        
3017                            124                             6                               31                              4                               
3095                            211                             2                               62                              3.403226                        
3135                            92                              9                               27                              3.407408                        
3222                            192                             6                               60                              3.2                             
3257                            89                              9                               24                              3.708333                        
3293                            71                              6                               22                              3.227273                        
3346                            127                             8                               37                              3.432432                        
3379                            97                              3                               25                              3.88                            
3432                            104                             6                               35                              2.971429                        
3472                            93                              7                               32                              2.90625                         
3530                            116                             7                               38                              3.052632                        
3582                            123                             6                               40                              3.075                           
3639                            123                             8                               40                              3.075                           
3695                            118                             6                               35                              3.371428                        
3746                            128                             3                               35                              3.657143                        
3797                            126                             2                               37                              3.405406                        
3869                            132                             7                               40                              3.3                             
3903                            60                              5                               21                              2.857143                        
3964                            126                             5                               37                              3.405406                        
4029                            159                             7                               48                              3.3125                          
4074                            84                              10                              30                              2.8                             
4122                            111                             8                               33                              3.363636                        
4180                            126                             5                               39                              3.230769                        
4236                            129                             4                               37                              3.486486                        
4290                            127                             3                               39                              3.25641                         
4327                            63                              5                               23                              2.73913                         
4394                            127                             5                               41                              3.097561                        
4450                            135                             2                               41                              3.292683                        
4499                            130                             2                               37                              3.513514                        
4540                            129                             2                               32                              4.03125                         
4757                            567                             5                               171                             3.315789                        
4782                            67                              1                               18                              3.722222                        
4837                            136                             6                               41                              3.317073                        
4900                            136                             6                               41                              3.317073                        
4922                            61                              7                               16                              3.8125                          
4978                            131                             6                               42                              3.119048                        
5030                            135                             6                               39                              3.461539                        
5225                            414                             9                               130                             3.184615                        
5275                            87                              7                               30                              2.9                             
5328                            134                             7                               40                              3.35                            
5363                            75                              9                               23                              3.26087                         
5405                            95                              2                               33                              2.878788                        
5448                            95                              3                               30                              3.166667                        
5481                            94                              7                               24                              3.916667                        
5521                            78                              8                               24                              3.25                            
5556                            77                              7                               22                              3.5                             
5607                            94                              4                               28                              3.357143                        
5643                            79                              9                               24                              3.291667                        
5694                            95                              4                               35                              2.714286                        
5737                            94                              4                               30                              3.133333                        
5817                            178                             7                               51                              3.490196                        
5853                            91                              6                               28                              3.25                            
5934                            193                             2                               58                              3.327586                        
5981                            91                              6                               30                              3.033333                        
6018                            95                              1                               30                              3.166667                        
6104                            188                             5                               60                              3.133333                        
6156                            98                              1                               33                              2.969697                        
6235                            187                             6                               51                              3.666667                        
6271                            101                             5                               28                              3.607143                        
6308                            94                              2                               29                              3.241379                        
6352                            94                              4                               32                              2.9375                          
6402                            96                              4                               33                              2.909091                        
6436                            93                              6                               26                              3.576923                        
6477                            96                              2                               28                              3.428571                        
6533                            97                              1                               31                              3.129032                        
6574                            97                              1                               27                              3.592592                        
6608                            95                              2                               27                              3.518518                        
6645                            89                              7                               26                              3.423077                        
6690                            101                             8                               30                              3.366667                        
6739                            91                              5                               30                              3.033333                        
6788                            108                             1                               35                              3.085714                        
6833                            98                              6                               30                              3.266667                        
6899                            111                             8                               41                              2.707317                        
6941                            91                              6                               25                              3.64                            
6979                            91                              6                               29                              3.137931                        
7034                            118                             1                               33                              3.575758                        
7121                            209                             7                               62                              3.370968                        
7164                            90                              8                               25                              3.6                             
7199                            97                              6                               27                              3.592592                        
7229                            95                              1                               25                              3.8                             
7291                            126                             3                               41                              3.073171                        
7344                            126                             4                               41                              3.073171                        
7390                            127                             2                               36                              3.527778                        
7432                            96                              7                               30                              3.2                             
7554                            254                             3                               78                              3.25641                         
7623                            125                             5                               45                              2.777778                        
7715                            254                             3                               71                              3.577465                        
7765                            122                             6                               38                              3.210526                        
7824                            125                             4                               37                              3.378378                        
7866                            126                             3                               34                              3.705882                        
7909                            92                              9                               31                              2.967742                        
7957                            120                             11                              35                              3.428571                        
8007                            125                             3                               35                              3.571429                        
8065                            125                             6                               37                              3.378378                        
8120                            126                             2                               34                              3.705882                        
8172                            126                             7                               37                              3.405406                        
8230                            129                             6                               44                              2.931818                        
8293                            131                             5                               42                              3.119048                        
8339                            124                             8                               37                              3.351351                        
8458                            262                             1                               77                              3.402597                        
8512                            129                             1                               37                              3.486486                        
8581                            131                             1                               42                              3.119048                        
8633                            123                             6                               34                              3.617647                        
8692                            123                             5                               43                              2.860465                        
8749                            134                             1                               35                              3.828571                        
8872                            293                             1                               84                              3.488095                        
8951                            159                             3                               52                              3.057692                        
9000                            131                             8                               37                              3.54054                         
9084                            157                             3                               55                              2.854545                        
9148                            147                             6                               46                              3.195652                        
9215                            137                             1                               40                              3.425                           
9288                            159                             5                               50                              3.18                            
9365                            156                             4                               49                              3.183673                        
9430                            128                             7                               43                              2.976744                        
9522                            251                             7                               65                              3.861538                        
9576                            125                             7                               39                              3.205128                        
9657                            156                             5                               50                              3.12                            
9715                            134                             7                               42                              3.190476                        
9755                            127                             1                               32                              3.96875                         
9892                            316                             7                               96                              3.291667                        
9954                            159                             3                               42                              3.785714                        
9998                            94                              6                               28                              3.357143                        
10000                           0                               6                               0                               1                               