1                               0                               2                               0                               1                               
53326                           106584                          4                               49981                           2.13249                         
96792                           86589                           4                               40715                           2.12671                         
97097                           577                             4                               283                             2.038869                        
101789                          9439                            4                               4391                            2.149624                        
102071                          536                             4                               261                             2.05364                         
102566                          1022                            4                               467                             2.188437                        
102849                          532                             4                               258                             2.062016                        
108523                          11481                           4                               5323                            2.156866                        
108808                          539                             4                               266                             2.026316                        
109850                          2104                            4                               969                             2.171311                        
115906                          12114                           4                               5678                            2.133498                        
125286                          18790                           4                               8767                            2.143265                        
125571                          527                             4                               262                             2.01145                         
135594                          20202                           4                               9377                            2.15442                         
142162                          13090                           4                               6158                            2.12569                         
142461                          559                             4                               274                             2.040146                        
159517                          34317                           4                               15971                           2.148707                        
172017                          25202                           4                               11756                           2.143756                        
182646                          21327                           4                               9947                            2.144063                        
183551                          1813                            4                               852                             2.127934                        
188845                          10444                           4                               4965                            2.103525                        
189122                          508                             4                               255                             1.992157                        
191687                          5154                            4                               2400                            2.1475                          
199999                          16764                           1                               7815                            2.145106                        
200000                          0                               1                               0                               1                               