1                               0                               41                              0                               1                               
129                             5126                            29                              127                             40.36221                        
167                             1467                            51                              37                              39.64865                        
376                             8257                            55                              208                             39.69712                        
421                             1769                            52                              44                              40.20454                        
537                             4679                            55                              115                             40.68696                        
609                             2852                            51                              71                              40.16901                        
673                             2541                            51                              63                              40.33333                        
718                             1744                            51                              44                              39.63636                        
861                             5749                            52                              142                             40.48592                        
906                             1637                            49                              44                              37.20454                        
1057                            6095                            54                              150                             40.63334                        
1068                            390                             53                              10                              39                              
1111                            1685                            51                              42                              40.11905                        
1160                            1941                            28                              48                              40.4375                         
1288                            4986                            51                              127                             39.25984                        
1375                            3449                            28                              86                              40.10465                        
1435                            2307                            49                              59                              39.1017                         
1567                            5330                            29                              131                             40.68702                        
1613                            1784                            52                              45                              39.64444                        
1999                            15478                           51                              385                             40.2026                         
2031                            1207                            50                              31                              38.93548                        
2080                            1915                            54                              48                              39.89583                        
2128                            1838                            53                              47                              39.10638                        
2198                            2710                            29                              69                              39.27536                        
2630                            17493                           53                              431                             40.58701                        
2695                            2582                            51                              64                              40.34375                        
2719                            854                             52                              23                              37.13044                        
2905                            7432                            49                              185                             40.17297                        
2922                            643                             26                              16                              40.1875                         
2957                            1399                            31                              34                              41.14706                        
3005                            1851                            25                              47                              39.38298                        
3102                            3856                            54                              96                              40.16667                        
3171                            2719                            28                              68                              39.98529                        
3217                            1769                            50                              45                              39.31111                        
3257                            1542                            51                              39                              39.53846                        
3312                            2142                            27                              54                              39.66667                        
3359                            1878                            29                              46                              40.82609                        
3770                            16532                           51                              410                             40.32195                        
3803                            1254                            50                              32                              39.1875                         
3940                            5442                            28                              136                             40.01471                        
3990                            1993                            53                              49                              40.67347                        
4025                            1366                            25                              34                              40.17647                        
4063                            1466                            31                              37                              39.62162                        
4105                            1618                            26                              41                              39.46341                        
4190                            3311                            52                              84                              39.41667                        
4202                            440                             27                              11                              40                              
4273                            2717                            26                              70                              38.81429                        
4323                            1981                            30                              49                              40.42857                        
4473                            5897                            27                              149                             39.57718                        
4549                            3002                            29                              75                              40.02667                        
4618                            2734                            29                              68                              40.20588                        
4664                            1811                            50                              45                              40.24445                        
4698                            1307                            49                              33                              39.60606                        
4743                            1731                            32                              44                              39.34091                        
4963                            8831                            31                              219                             40.3242                         
4970                            236                             29                              6                               39.33333                        
5264                            11894                           50                              293                             40.59386                        
5296                            1188                            29                              31                              38.32258                        
5379                            3215                            51                              82                              39.20732                        
5449                            2758                            49                              69                              39.97102                        
5464                            570                             54                              14                              40.71429                        
5513                            1960                            51                              48                              40.83333                        
5555                            1643                            50                              41                              40.07317                        
5614                            2332                            48                              58                              40.2069                         
5716                            4048                            51                              101                             40.07921                        
6109                            15675                           53                              392                             39.98724                        
6248                            5488                            56                              138                             39.76812                        
6341                            3605                            52                              92                              39.18478                        
6462                            4759                            53                              120                             39.65833                        
6551                            3528                            28                              88                              40.09091                        
6632                            3183                            29                              80                              39.7875                         
6811                            7155                            28                              178                             40.19663                        
6857                            1769                            55                              45                              39.31111                        
6893                            1394                            51                              35                              39.82857                        
6952                            2350                            54                              58                              40.51724                        
7001                            1902                            32                              48                              39.625                          
7046                            1724                            47                              44                              39.18182                        
7153                            4160                            50                              106                             39.24528                        
7271                            4767                            54                              117                             40.74359                        
8810                            61406                           27                              1538                            39.92588                        
9602                            31595                           56                              791                             39.94311                        
9742                            5637                            30                              139                             40.55396                        
9851                            4246                            48                              108                             39.31482                        
9970                            4692                            30                              118                             39.76271                        
10000                           1233                            33                              29                              42.51724                        