1                               0                               1                               0                               1                               
102818                          1871                            1                               1745                            1.072206                        
120870                          358                             1                               328                             1.091463                        
162049                          721                             1                               685                             1.052555                        
179296                          327                             1                               297                             1.10101                         
330658                          2626                            2                               2450                            1.071837                        
349413                          346                             1                               321                             1.077882                        
363108                          226                             1                               208                             1.086538                        
428518                          1186                            1                               1102                            1.076225                        
452833                          488                             2                               447                             1.091723                        
560483                          2020                            1                               1870                            1.080214                        
574305                          296                             1                               270                             1.096296                        
596385                          379                             1                               351                             1.079772                        
608771                          232                             2                               217                             1.069124                        
646950                          650                             2                               612                             1.062091                        
725094                          1402                            2                               1324                            1.058912                        
1398433                         11922                           1                               11203                           1.064179                        
1565284                         2960                            1                               2742                            1.079504                        
1701984                         2521                            1                               2343                            1.075971                        
1773126                         1336                            1                               1247                            1.071371                        
2064580                         5123                            2                               4785                            1.070637                        
2081350                         265                             1                               246                             1.077236                        
2170562                         1603                            1                               1491                            1.075117                        
2184065                         270                             2                               252                             1.071429                        
2199079                         272                             1                               254                             1.070866                        
2217510                         273                             2                               257                             1.062257                        
2265253                         837                             2                               797                             1.050188                        
2279681                         280                             2                               264                             1.060606                        
2428295                         2632                            1                               2451                            1.073847                        
2460421                         598                             2                               552                             1.083333                        
2480068                         304                             2                               287                             1.059233                        
2513286                         619                             1                               573                             1.080279                        
2625893                         1913                            1                               1778                            1.075928                        
2642272                         322                             1                               296                             1.087838                        
2831364                         3370                            2                               3146                            1.071202                        
2848129                         345                             1                               318                             1.084906                        
3143814                         5191                            2                               4875                            1.064821                        
3376135                         4208                            1                               3928                            1.071283                        
3398208                         435                             1                               396                             1.098485                        
3498692                         1776                            2                               1664                            1.067308                        
3546277                         900                             2                               835                             1.077844                        
3597824                         911                             1                               851                             1.070505                        
3627206                         456                             1                               428                             1.065421                        
4118855                         8809                            1                               8213                            1.072568                        
4288294                         3072                            2                               2859                            1.074502                        
4318662                         511                             1                               476                             1.073529                        
4457637                         2559                            1                               2378                            1.076114                        
4547297                         1535                            2                               1427                            1.075683                        
4711072                         3084                            1                               2889                            1.067497                        
4740485                         511                             1                               483                             1.057971                        
4768577                         511                             1                               455                             1.123077                        
4860292                         1544                            2                               1461                            1.05681                         
5085184                         4097                            2                               3812                            1.074764                        
5145604                         1023                            2                               962                             1.06341                         
5173252                         511                             1                               475                             1.075789                        
5204645                         511                             1                               482                             1.060166                        
5259233                         1023                            1                               951                             1.07571                         
5318822                         1023                            1                               953                             1.073452                        
5628677                         5651                            1                               5247                            1.076996                        
5689921                         1045                            2                               980                             1.066326                        
5744805                         1023                            1                               950                             1.076842                        
5777478                         517                             2                               489                             1.05726                         
5888102                         2048                            1                               1895                            1.080739                        
5999943                         1910                            1                               1780                            1.073034                        
6000000                         0                               1                               0                               1                               