155                             0                               1                               0                               1                               
915                             6                               1                               6                               1                               
1525                            3                               1                               3                               1                               
2131                            3                               1                               3                               1                               
3355                            7                               1                               7                               1                               
4042                            3                               1                               3                               1                               
4745                            3                               1                               3                               1                               
5646                            7                               1                               7                               1                               
5953                            3                               1                               3                               1                               
6814                            9                               1                               9                               1                               
7544                            5                               1                               5                               1                               
8541                            3                               1                               3                               1                               
9996                            7                               1                               7                               1                               
11049                           11                              1                               11                              1                               
11957                           7                               1                               7                               1                               
13170                           7                               1                               7                               1                               
14038                           5                               1                               5                               1                               
14951                           5                               1                               5                               1                               
15317                           3                               1                               3                               1                               
16302                           7                               1                               7                               1                               
17532                           7                               1                               7                               1                               
19098                           7                               1                               7                               1                               
20207                           7                               1                               7                               1                               
21089                           5                               1                               5                               1                               
21397                           3                               1                               3                               1                               
22375                           3                               1                               3                               1                               
22775                           5                               1                               5                               1                               
23626                           3                               1                               3                               1                               
24416                           7                               1                               7                               1                               
24592                           3                               1                               3                               1                               
24968                           3                               1                               3                               1                               
25837                           5                               1                               5                               1                               
26166                           3                               1                               3                               1                               
26945                           3                               1                               3                               1                               
28171                           7                               1                               7                               1                               
29178                           11                              1                               11                              1                               
30420                           7                               1                               7                               1                               
31073                           3                               1                               3                               1                               
31986                           7                               1                               7                               1                               
32257                           5                               1                               5                               1                               
33342                           3                               1                               3                               1                               
34096                           7                               1                               7                               1                               
34311                           3                               1                               3                               1                               
35694                           11                              1                               11                              1                               
35973                           3                               1                               3                               1                               
37436                           7                               1                               7                               1                               
37737                           3                               1                               3                               1                               
38333                           7                               1                               7                               1                               
39426                           5                               1                               5                               1                               
39914                           3                               1                               3                               1                               
40408                           3                               1                               3                               1                               
40821                           5                               1                               5                               1                               
41670                           3                               1                               3                               1                               
42208                           5                               1                               5                               1                               
42604                           3                               1                               3                               1                               
43235                           7                               1                               7                               1                               
44989                           7                               1                               7                               1                               
45754                           5                               1                               5                               1                               
46363                           3                               1                               3                               1                               
46595                           3                               1                               3                               1                               
47534                           7                               1                               7                               1                               
47979                           3                               1                               3                               1                               
48623                           3                               1                               3                               1                               
50224                           11                              1                               11                              1                               
50556                           3                               1                               3                               1                               
51558                           12                              1                               12                              1                               
52159                           3                               1                               3                               1                               
53097                           3                               1                               3                               1                               
54142                           7                               1                               7                               1                               
54696                           7                               1                               7                               1                               
55165                           3                               1                               3                               1                               
55822                           7                               1                               7                               1                               
56620                           7                               1                               7                               1                               
58936                           7                               1                               7                               1                               
60709                           7                               1                               7                               1                               
63001                           15                              1                               15                              1                               
64438                           15                              1                               15                              1                               
65722                           11                              1                               11                              1                               
66360                           3                               1                               3                               1                               
67754                           7                               1                               7                               1                               
68400                           7                               1                               7                               1                               
69571                           7                               1                               7                               1                               
69963                           3                               1                               3                               1                               
70110                           3                               1                               3                               1                               
71327                           7                               1                               7                               1                               
72165                           7                               1                               7                               1                               
72679                           7                               1                               7                               1                               
73054                           3                               1                               3                               1                               
73464                           3                               1                               3                               1                               
74242                           7                               1                               7                               1                               
74703                           3                               1                               3                               1                               
75101                           3                               1                               3                               1                               
75705                           7                               1                               7                               1                               
76161                           3                               1                               3                               1                               
76619                           3                               1                               3                               1                               
77122                           3                               1                               3                               1                               
77660                           3                               1                               3                               1                               
78851                           7                               1                               7                               1                               
78957                           3                               1                               3                               1                               
80366                           7                               1                               7                               1                               
80657                           3                               1                               3                               1                               
81136                           3                               1                               3                               1                               
81612                           3                               1                               3                               1                               
82187                           3                               1                               3                               1                               
82825                           3                               1                               3                               1                               
83428                           3                               1                               3                               1                               
83714                           3                               1                               3                               1                               
84660                           3                               1                               3                               1                               
85297                           3                               1                               3                               1                               
85860                           3                               1                               3                               1                               
86116                           3                               1                               3                               1                               
87207                           3                               1                               3                               1                               
87504                           3                               1                               3                               1                               
88445                           3                               1                               3                               1                               
89976                           11                              1                               11                              1                               
90282                           3                               1                               3                               1                               
90947                           3                               1                               3                               1                               
91693                           3                               1                               3                               1                               
92473                           7                               1                               7                               1                               
93510                           3                               1                               3                               1                               
94693                           7                               1                               7                               1                               
94994                           3                               1                               3                               1                               
95852                           7                               1                               7                               1                               
96260                           7                               1                               7                               1                               
96644                           4                               1                               4                               1                               
97134                           5                               1                               5                               1                               
97590                           5                               1                               5                               1                               
98566                           5                               1                               5                               1                               
99240                           5                               1                               5                               1                               
100041                          5                               1                               5                               1                               
101111                          5                               1                               5                               1                               
102230                          11                              1                               11                              1                               
103164                          5                               1                               5                               1                               
104074                          5                               1                               5                               1                               
105620                          5                               1                               5                               1                               
106654                          5                               1                               5                               1                               
106963                          5                               1                               5                               1                               
107473                          5                               1                               5                               1                               
108095                          5                               1                               5                               1                               
108550                          5                               1                               5                               1                               
108930                          6                               1                               6                               1                               
109631                          7                               1                               7                               1                               
111286                          15                              1                               15                              1                               
112067                          7                               1                               7                               1                               
113626                          15                              1                               15                              1                               
114240                          7                               1                               7                               1                               
114839                          7                               1                               7                               1                               
116519                          7                               1                               7                               1                               
117349                          7                               1                               7                               1                               
119024                          7                               1                               7                               1                               
119656                          7                               1                               7                               1                               
120381                          7                               1                               7                               1                               
121338                          7                               1                               7                               1                               
122643                          7                               1                               7                               1                               
123389                          7                               1                               7                               1                               
124178                          7                               1                               7                               1                               
126098                          15                              1                               15                              1                               
126570                          7                               1                               7                               1                               
128944                          15                              1                               15                              1                               
130252                          15                              1                               15                              1                               
131193                          7                               1                               7                               1                               
133144                          7                               1                               7                               1                               
135173                          15                              1                               15                              1                               
136269                          7                               1                               7                               1                               
137703                          7                               1                               7                               1                               
138740                          7                               1                               7                               1                               
139396                          7                               1                               7                               1                               
140548                          7                               1                               7                               1                               
141110                          7                               1                               7                               1                               
142297                          7                               1                               7                               1                               
143635                          7                               1                               7                               1                               
144334                          7                               1                               7                               1                               
147329                          23                              1                               23                              1                               
148506                          7                               1                               7                               1                               
149644                          3                               1                               3                               1                               
149695                          0                               1                               0                               1                               