3			0			1			0			1.0
24			7			1			6			1.1666666
96			19			2			19			1.0
139			15			2			11			1.3636364
169			12			1			10			1.2
217			17			2			17			1.0
249			14			1			10			1.4
286			12			2			12			1.0
345			15			2			14			1.0714285
405			21			2			17			1.2352941
459			18			2			16			1.125
528			20			2			19			1.0526316
579			23			2			20			1.15
615			12			2			12			1.0
681			23			2			20			1.15
730			15			3			14			1.0714285
771			15			2			14			1.0714285
816			15			2			15			1.0
842			13			3			9			1.4444444
900			20			2			19			1.0526316
946			15			2			15			1.0
981			13			2			13			1.0
1062			23			2			18			1.2777778
1102			12			2			11			1.0909091
1140			13			2			13			1.0
1173			9			2			9			1.0
1248			22			1			18			1.2222222
1283			11			2			11			1.0
1447			48			2			47			1.0212766
1485			14			2			13			1.0769231
1568			19			3			19			1.0
1612			18			3			17			1.0588236
1668			14			2			11			1.2727273
1729			20			3			19			1.0526316
1794			17			2			15			1.1333333
1851			15			2			15			1.0
1868			8			2			6			1.3333334
1913			15			2			12			1.25
1961			15			2			13			1.1538461
1999			16			2			12			1.3333334
2033			7			2			7			1.0
2100			23			3			22			1.0454545
2215			21			2			21			1.0
2250			13			3			11			1.1818181
2279			13			2			11			1.1818181
2335			18			2			16			1.125
2383			13			2			13			1.0
2473			35			2			30			1.1666666
2502			12			3			8			1.5
2561			15			2			14			1.0714285
2647			20			2			17			1.1764706
2688			15			1			15			1.0
2730			13			2			12			1.0833334
2758			13			1			8			1.625
2806			15			2			14			1.0714285
2882			22			1			18			1.2222222
2924			15			1			15			1.0
2950			10			2			9			1.1111112
3005			20			2			16			1.25
3043			14			2			12			1.1666666
3077			12			2			12			1.0
3134			13			3			13			1.0
3162			15			2			13			1.1538461
3224			21			1			18			1.1666666
3259			15			2			13			1.1538461
3311			15			1			12			1.25
3366			15			2			13			1.1538461
3412			15			1			14			1.0714285
3457			12			3			12			1.0
3490			15			1			12			1.25
3542			12			2			12			1.0
3599			15			2			14			1.0714285
3661			14			2			14			1.0
3727			23			1			23			1.0
3772			15			1			14			1.0714285
3804			15			2			12			1.25
3875			15			1			14			1.0714285
3914			15			1			14			1.0714285
3943			12			3			10			1.2
3985			15			1			11			1.3636364
4033			15			1			12			1.25
4078			22			2			20			1.1
4222			47			1			42			1.1190476
4277			15			1			13			1.1538461
4353			32			3			25			1.28
4372			10			2			10			1.0
4445			23			1			22			1.0454545
4488			15			2			12			1.25
4524			15			2			13			1.1538461
4598			18			3			17			1.0588236
4634			15			1			13			1.1538461
4693			19			2			17			1.117647
4731			13			2			13			1.0
4811			23			1			22			1.0454545
4872			23			1			19			1.2105263
4917			15			1			12			1.25
4987			23			1			22			1.0454545
5025			11			2			11			1.0
5060			15			1			11			1.3636364
5112			22			2			19			1.1578947
5167			13			2			13			1.0
5209			13			2			13			1.0
5250			18			1			15			1.2
5327			23			2			23			1.0
5352			9			3			9			1.0
5411			23			1			20			1.15
5444			9			2			8			1.125
5493			13			3			13			1.0
5523			11			2			10			1.1
5563			14			2			11			1.2727273
5586			9			2			8			1.125
5655			15			1			14			1.0714285
5717			15			1			15			1.0
5740			8			2			7			1.1428572
5796			15			1			14			1.0714285
5842			16			2			14			1.1428572
5888			15			1			15			1.0
5927			10			2			10			1.0
5981			17			2			15			1.1333333
6062			23			2			23			1.0
6150			28			2			25			1.12
6176			10			2			9			1.1111112
6238			22			2			20			1.1
6283			15			1			14			1.0714285
6328			16			2			13			1.2307693
6424			31			2			31			1.0
6498			19			2			17			1.117647
6537			21			2			19			1.1052631
6593			23			2			19			1.2105263
6644			17			2			15			1.1333333
6663			9			2			8			1.125
6698			14			2			12			1.1666666
6731			9			2			9			1.0
6783			15			1			14			1.0714285
6826			15			1			12			1.25
6862			15			1			14			1.0714285
6905			15			1			13			1.1538461
6987			22			2			21			1.0476191
7040			15			1			12			1.25
7079			15			1			13			1.1538461
7109			15			1			14			1.0714285
7156			15			1			13			1.1538461
7206			15			1			14			1.0714285
7246			15			1			14			1.0714285
7296			15			1			14			1.0714285
7357			15			1			14			1.0714285
7388			15			1			12			1.25
7437			15			1			14			1.0714285
7471			15			1			12			1.25
7500			15			1			13			1.1538461
7535			15			2			14			1.0714285
7593			15			2			14			1.0714285
7634			15			1			14			1.0714285
7686			15			2			14			1.0714285
7732			15			1			13			1.1538461
7831			32			1			27			1.1851852
7856			15			2			11			1.3636364
7902			15			1			12			1.25
7926			15			1			9			1.6666666
7996			21			2			20			1.05
8046			23			1			22			1.0454545
8124			19			2			18			1.0555556
8177			17			2			15			1.1333333
8214			15			3			12			1.25
8268			23			1			19			1.2105263
8332			23			1			20			1.15
8436			47			1			38			1.2368422
8514			23			1			22			1.0454545
8598			23			1			23			1.0
8668			23			1			18			1.2777778
8744			23			2			18			1.2777778
8784			16			2			16			1.0
8834			15			2			14			1.0714285
8883			22			2			19			1.1578947
8937			23			1			19			1.2105263
9010			22			2			17			1.2941177
9060			23			1			16			1.4375
9196			47			1			40			1.175
9342			47			1			39			1.2051282
9402			23			1			19			1.2105263
9474			21			2			21			1.0
9507			14			3			11			1.2727273
9561			23			1			20			1.15
9619			23			1			20			1.15
9700			23			1			23			1.0
9811			23			2			23			1.0
9860			23			1			18			1.2777778
9930			23			2			18			1.2777778
9982			23			1			18			1.2777778
9993			5			1			5			1.0
9997			0			1			0			1.0
