611			0			1			0			1.0
6978			6			1			6			1.0
49155			23			1			23			1.0
77862			15			1			15			1.0
109987			15			1			15			1.0
139589			22			1			22			1.0
227136			58			1			58			1.0
259524			12			1			12			1.0
274402			15			1			15			1.0
303588			20			1			20			1.0
344931			19			1			19			1.0
388836			31			1			31			1.0
419783			15			1			15			1.0
454625			15			1			15			1.0
492514			31			1			31			1.0
561859			39			1			39			1.0
606214			31			1			31			1.0
648769			15			1			15			1.0
670720			15			1			15			1.0
710694			23			1			23			1.0
731269			15			1			15			1.0
762885			15			1			15			1.0
784353			15			1			15			1.0
801729			15			1			15			1.0
830145			15			1			15			1.0
903782			39			1			39			1.0
933891			23			1			23			1.0
956965			15			1			15			1.0
999104			23			1			23			1.0
1019809			15			1			15			1.0
1053862			15			1			15			1.0
1107107			31			1			31			1.0
1140070			15			1			15			1.0
1161472			15			1			15			1.0
1186342			23			1			23			1.0
1203399			15			1			15			1.0
1226208			15			1			15			1.0
1250884			15			1			15			1.0
1277542			15			1			15			1.0
1309569			15			1			15			1.0
1327106			15			1			15			1.0
1351584			15			1			15			1.0
1371621			15			1			15			1.0
1403363			15			1			15			1.0
1413349			15			1			15			1.0
1439972			15			1			15			1.0
1495429			23			1			23			1.0
1531557			23			1			23			1.0
1552007			15			1			15			1.0
1583750			15			1			15			1.0
1604961			15			1			15			1.0
1629570			23			1			23			1.0
1705153			55			1			55			1.0
1732869			15			1			15			1.0
1766787			15			1			15			1.0
1805575			23			1			23			1.0
1831330			23			1			23			1.0
1854567			15			1			15			1.0
1873218			15			1			15			1.0
1918529			23			1			23			1.0
1967140			31			1			31			1.0
1997472			23			1			23			1.0
2033984			23			1			23			1.0
2052003			15			1			15			1.0
2105957			39			1			39			1.0
2165383			31			1			31			1.0
2180770			15			1			15			1.0
2226977			23			1			23			1.0
2261186			23			1			23			1.0
2295780			15			1			15			1.0
2320064			15			1			15			1.0
2371009			31			1			31			1.0
2412679			23			1			23			1.0
2450631			31			1			31			1.0
2472000			15			1			15			1.0
2494854			15			1			15			1.0
2513573			15			1			15			1.0
2573729			31			1			31			1.0
2656263			31			1			31			1.0
2803138			79			1			79			1.0
2842371			15			1			15			1.0
2902054			31			1			31			1.0
2940965			31			1			31			1.0
2964867			15			1			15			1.0
3002370			15			1			15			1.0
3032964			15			1			15			1.0
3064743			15			1			15			1.0
3088902			15			1			15			1.0
3107527			15			1			15			1.0
3186081			47			1			47			1.0
3221347			31			1			31			1.0
3246752			15			1			15			1.0
3263075			15			1			15			1.0
3285314			15			1			15			1.0
3312103			15			1			15			1.0
3370150			31			1			31			1.0
3413892			15			1			15			1.0
3443841			15			1			15			1.0
3478629			15			1			15			1.0
3515264			15			1			15			1.0
3563622			31			1			31			1.0
3580551			15			1			15			1.0
3613250			15			1			15			1.0
3657638			31			1			31			1.0
3718692			31			1			31			1.0
3734628			15			1			15			1.0
3836544			47			1			47			1.0
3858208			15			1			15			1.0
3908164			31			1			31			1.0
3944550			15			1			15			1.0
3969125			15			1			15			1.0
3996418			15			1			15			1.0
4031907			15			1			15			1.0
4077540			31			1			31			1.0
4096577			15			1			15			1.0
4168961			47			1			47			1.0
4185730			15			1			15			1.0
4224037			15			1			15			1.0
4253857			15			1			15			1.0
4267011			15			1			15			1.0
4327010			47			1			47			1.0
4349445			15			1			15			1.0
4373926			15			1			15			1.0
4400323			15			1			15			1.0
4418342			15			1			15			1.0
4466085			31			1			31			1.0
4492032			15			1			15			1.0
4511428			15			1			15			1.0
4547013			15			1			15			1.0
4569157			15			1			15			1.0
4616384			31			1			31			1.0
4649831			15			1			15			1.0
4668263			15			1			15			1.0
4693029			15			1			15			1.0
4748288			31			1			31			1.0
4844516			47			1			47			1.0
4868134			23			1			23			1.0
4909733			23			1			23			1.0
4960455			23			1			23			1.0
4998372			23			1			23			1.0
5038949			23			1			23			1.0
5067105			23			1			23			1.0
5103845			23			1			23			1.0
5181315			47			1			47			1.0
5207906			23			1			23			1.0
5237440			23			1			23			1.0
5304481			47			1			47			1.0
5344230			23			1			23			1.0
5387266			23			1			23			1.0
5462433			47			1			47			1.0
5512901			23			1			23			1.0
5565952			47			1			47			1.0
5603271			23			1			23			1.0
5662784			31			1			31			1.0
5705799			31			1			31			1.0
5818790			63			1			63			1.0
5859201			31			1			31			1.0
5913920			31			1			31			1.0
5999203			41			1			41			1.0
5999877			0			1			0			1.0
