611			0			1			0			1.0
6978			6			1			6			1.0
49155			23			1			23			1.0
77862			15			1			15			1.0
109987			15			1			15			1.0
139589			22			1			22			1.0
227136			58			1			58			1.0
259524			12			1			12			1.0
274402			15			1			15			1.0
303588			20			1			20			1.0
344931			19			1			19			1.0
388836			31			1			31			1.0
419783			15			1			15			1.0
454625			15			1			15			1.0
492514			31			1			31			1.0
561859			39			1			39			1.0
606214			31			1			31			1.0
648769			15			1			15			1.0
670720			15			1			15			1.0
710694			23			1			23			1.0
731269			15			1			15			1.0
762885			15			1			15			1.0
784353			15			1			15			1.0
801729			15			1			15			1.0
830145			15			1			15			1.0
903782			39			1			39			1.0
933891			23			1			23			1.0
956965			15			1			15			1.0
999104			23			1			23			1.0
1019809			15			1			15			1.0
1053862			15			1			15			1.0
1107107			31			1			31			1.0
1140070			15			1			15			1.0
1161472			15			1			15			1.0
1186342			23			1			23			1.0
1203399			15			1			15			1.0
1226208			15			1			15			1.0
1250884			15			1			15			1.0
1277542			15			1			15			1.0
1309569			15			1			15			1.0
1327106			15			1			15			1.0
1351584			15			1			15			1.0
1371621			15			1			15			1.0
1403363			15			1			15			1.0
1413349			15			1			15			1.0
1439972			15			1			15			1.0
1495429			23			1			23			1.0
1531557			23			1			23			1.0
1552007			15			1			15			1.0
1583750			15			1			15			1.0
1604961			15			1			15			1.0
1620545			15			1			15			1.0
1651429			23			1			23			1.0
1666080			9			2			9			1.0
1707296			31			1			31			1.0
1734241			15			1			15			1.0
1782659			23			1			23			1.0
1810435			23			1			23			1.0
1833057			15			1			15			1.0
1859077			15			1			15			1.0
1892453			23			1			23			1.0
1919873			15			1			15			1.0
1954112			23			1			23			1.0
1977669			15			1			15			1.0
2066435			63			1			63			1.0
2138309			47			1			47			1.0
2165760			15			1			15			1.0
2237152			47			1			47			1.0
2264900			15			1			15			1.0
2324229			31			1			31			1.0
2349028			15			1			15			1.0
2374913			14			2			14			1.0
2446211			47			1			47			1.0
2464230			15			1			15			1.0
2484775			15			1			15			1.0
2506469			15			1			15			1.0
2531591			15			1			15			1.0
2590723			31			1			31			1.0
2672292			31			1			31			1.0
2737636			31			1			31			1.0
2760449			15			1			15			1.0
2797540			15			1			15			1.0
2822631			15			1			15			1.0
2854592			15			1			15			1.0
2889670			15			1			15			1.0
2951936			47			1			47			1.0
2989956			15			1			15			1.0
3034949			23			2			23			1.0
3066567			15			1			15			1.0
3089798			15			1			15			1.0
3116549			15			1			15			1.0
3135172			15			1			15			1.0
3187201			31			1			31			1.0
3207299			15			1			15			1.0
3222211			15			1			15			1.0
3247296			15			1			15			1.0
3263136			15			1			15			1.0
3285666			15			1			15			1.0
3312903			15			1			15			1.0
3376005			31			1			31			1.0
3415041			15			1			15			1.0
3444131			15			1			15			1.0
3516167			31			1			31			1.0
3542498			15			1			15			1.0
3564642			15			1			15			1.0
3635847			47			1			47			1.0
3659909			15			1			15			1.0
3694085			15			1			15			1.0
3735361			31			1			31			1.0
3764259			15			1			15			1.0
3804865			15			1			15			1.0
3837474			15			1			15			1.0
3858627			15			1			15			1.0
3909859			31			1			31			1.0
3946754			15			1			15			1.0
3970754			15			1			15			1.0
3997632			15			1			15			1.0
4031942			15			1			15			1.0
4078208			31			1			31			1.0
4102405			15			1			15			1.0
4121858			15			1			15			1.0
4168963			31			1			31			1.0
4224228			31			1			31			1.0
4254405			15			1			15			1.0
4268004			15			1			15			1.0
4327617			47			1			47			1.0
4349863			15			1			15			1.0
4373959			15			1			15			1.0
4401120			15			1			15			1.0
4420004			15			1			15			1.0
4467264			31			1			31			1.0
4498951			15			1			15			1.0
4512706			15			1			15			1.0
4548359			15			1			15			1.0
4590914			31			1			31			1.0
4618274			15			1			15			1.0
4650146			15			1			15			1.0
4669954			15			1			15			1.0
4721633			31			1			31			1.0
4748391			15			1			15			1.0
4802306			23			1			23			1.0
4844960			23			1			23			1.0
4868548			23			1			23			1.0
4914630			23			1			23			1.0
4948320			16			2			16			1.0
5030116			47			1			47			1.0
5056353			23			1			23			1.0
5092068			23			1			23			1.0
5170663			47			1			47			1.0
5200291			23			1			23			1.0
5230370			20			2			20			1.0
5255107			23			1			23			1.0
5297735			23			1			23			1.0
5327297			23			1			23			1.0
5365826			23			1			23			1.0
5411681			23			1			23			1.0
5448388			23			1			23			1.0
5530594			47			1			47			1.0
5556291			23			1			23			1.0
5602659			31			1			31			1.0
5660871			31			1			31			1.0
5704802			31			1			31			1.0
5814499			63			1			63			1.0
5857957			31			1			31			1.0
5908740			31			1			31			1.0
5979875			31			1			31			1.0
5999203			10			1			10			1.0
5999877			0			1			0			1.0
