3			0			1			0			1.0
82			23			1			22			1.0454545
147			26			2			18			1.4444444
209			22			3			22			1.0
243			16			3			12			1.3333334
286			13			2			13			1.0
345			15			2			14			1.0714285
405			21			2			17			1.2352941
454			16			3			15			1.0666667
528			22			2			20			1.1
578			22			1			19			1.1578947
615			15			2			13			1.1538461
649			9			3			7			1.2857143
681			12			2			12			1.0
730			15			3			14			1.0714285
771			15			2			14			1.0714285
809			13			2			13			1.0
839			15			1			10			1.5
872			14			2			11			1.2727273
900			8			2			8			1.0
946			15			2			15			1.0
981			13			2			13			1.0
1062			23			2			18			1.2777778
1102			12			2			11			1.0909091
1163			22			2			21			1.0476191
1218			15			2			12			1.25
1283			22			2			19			1.1578947
1395			33			2			32			1.03125
1447			14			2			14			1.0
1485			14			3			13			1.0769231
1568			19			3			19			1.0
1612			18			3			17			1.0588236
1668			14			2			11			1.2727273
1729			20			3			19			1.0526316
1794			17			2			15			1.1333333
1851			15			2			15			1.0
1885			14			3			11			1.2727273
1913			9			2			7			1.2857143
1961			15			2			13			1.1538461
1999			16			3			12			1.3333334
2033			8			2			7			1.1428572
2099			21			3			21			1.0
2100			0			3			0			1.0
2215			21			2			21			1.0
2250			13			3			11			1.1818181
2285			16			2			13			1.2307693
2335			16			2			14			1.1428572
2383			13			2			13			1.0
2473			35			2			30			1.1666666
2502			12			4			8			1.5
2561			15			2			14			1.0714285
2647			20			2			17			1.1764706
2710			21			2			21			1.0
2745			13			1			11			1.1818181
2778			11			2			7			1.5714285
2806			11			2			10			1.1
2882			22			1			18			1.2222222
2953			28			2			26			1.0769231
3005			19			2			15			1.2666667
3041			12			3			11			1.0909091
3089			19			2			16			1.1875
3134			10			3			10			1.0
3162			15			2			13			1.1538461
3224			21			2			18			1.1666666
3259			15			2			13			1.1538461
3311			15			1			12			1.25
3340			8			3			7			1.1428572
3383			15			1			12			1.25
3457			21			3			20			1.05
3490			15			1			12			1.25
3676			55			1			48			1.1458334
3708			14			2			12			1.1666666
3760			15			1			13			1.1538461
3797			15			2			13			1.1538461
3839			15			1			11			1.3636364
3881			11			2			11			1.0
3939			21			1			18			1.1666666
3979			16			2			11			1.4545455
4036			23			1			18			1.2777778
4078			19			2			17			1.117647
4154			23			1			20			1.15
4168			7			1			5			1.4
4241			23			1			22			1.0454545
4316			23			1			18			1.2777778
4344			15			1			10			1.5
4384			23			1			17			1.3529412
4428			10			3			10			1.0
4486			23			2			19			1.2105263
4499			7			2			6			1.1666666
4557			23			1			20			1.15
4623			16			2			12			1.3333334
4649			15			1			11			1.3636364
4693			11			2			11			1.0
4731			14			2			13			1.0769231
4811			23			1			22			1.0454545
4904			38			2			30			1.2666667
4986			23			2			23			1.0
5014			10			2			9			1.1111112
5056			16			3			13			1.2307693
5112			23			2			20			1.15
5167			13			2			13			1.0
5250			35			1			29			1.2068965
5327			23			2			23			1.0
5367			17			4			15			1.1333333
5411			15			1			14			1.0714285
5483			23			1			20			1.15
5523			15			2			12			1.25
5580			23			1			17			1.3529412
5662			22			2			20			1.1
5727			15			1			15			1.0
5795			21			2			18			1.1666666
5842			18			2			15			1.2
5888			15			1			15			1.0
5952			22			2			18			1.2222222
6018			18			2			16			1.125
6062			14			2			14			1.0
6117			19			3			16			1.1875
6150			8			2			8			1.0
6185			15			1			12			1.25
6227			15			2			14			1.0714285
6293			20			2			18			1.1111112
6328			14			2			12			1.1666666
6376			15			1			15			1.0
6413			15			1			12			1.25
6498			23			2			20			1.15
6510			7			2			7			1.0
6560			23			3			20			1.15
6607			14			2			12			1.1666666
6644			14			2			13			1.0769231
6670			15			3			12			1.25
6714			15			1			13			1.1538461
6764			15			1			13			1.1538461
6806			15			2			13			1.1538461
6848			15			1			13			1.1538461
6896			15			1			14			1.0714285
6933			15			1			13			1.1538461
7043			32			1			27			1.1851852
7080			15			1			12			1.25
7109			15			1			13			1.1538461
7149			15			1			10			1.5
7275			46			2			43			1.0697675
7338			15			1			13			1.1538461
7382			14			2			13			1.0769231
7416			15			1			12			1.25
7464			16			3			16			1.0
7492			15			1			12			1.25
7526			17			2			16			1.0625
7579			15			1			10			1.5
7626			17			2			16			1.0625
7686			19			2			17			1.117647
7741			16			2			14			1.1428572
7801			17			3			15			1.1333333
7839			14			2			14			1.0
7862			15			1			10			1.5
7908			14			2			11			1.2727273
7935			16			1			10			1.6
7996			18			2			17			1.0588236
8045			23			1			21			1.0952381
8124			23			2			19			1.2105263
8177			17			2			15			1.1333333
8214			15			3			12			1.25
8267			23			2			18			1.2777778
8387			47			2			40			1.175
8436			23			1			19			1.2105263
8505			23			1			20			1.15
8593			23			1			23			1.0
8723			44			3			34			1.2941177
8784			23			2			21			1.0952381
8834			15			2			14			1.0714285
8883			23			2			19			1.2105263
8923			16			3			14			1.1428572
8992			23			1			18			1.2777778
9051			23			1			15			1.5333333
9096			23			1			16			1.4375
9161			23			1			20			1.15
9244			22			2			19			1.1578947
9303			23			1			15			1.5333333
9374			22			2			19			1.1578947
9432			22			2			18			1.2222222
9497			22			2			21			1.0476191
9541			23			2			17			1.3529412
9599			23			2			20			1.15
9684			23			1			22			1.0454545
9741			23			1			21			1.0952381
9844			23			2			19			1.2105263
9897			23			1			19			1.2105263
9954			22			2			14			1.5714285
9993			22			2			18			1.2222222
9997			0			1			0			1.0
