5749			0			1			0			1.0
7486			0			1			0			1.0
8125			0			1			0			1.0
8537			0			1			0			1.0
9724			0			1			0			1.0
10588			0			1			0			1.0
11065			0			1			0			1.0
12064			0			1			0			1.0
14461			0			1			0			1.0
14923			0			1			0			1.0
19363			0			1			0			1.0
19516			0			1			0			1.0
20392			0			1			0			1.0
22102			0			1			0			1.0
22613			0			1			0			1.0
24673			0			1			0			1.0
25942			0			1			0			1.0
34513			0			1			0			1.0
37375			0			1			0			1.0
37948			0			1			0			1.0
37978			0			1			0			1.0
38866			1			1			1			1.0
40099			0			1			0			1.0
41800			0			1			0			1.0
41999			0			1			0			1.0
45346			0			1			0			1.0
45754			0			1			0			1.0
49318			0			1			0			1.0
49781			0			1			0			1.0
61040			0			1			0			1.0
65647			0			1			0			1.0
66035			0			1			0			1.0
71305			0			1			0			1.0
71347			0			1			0			1.0
72226			0			1			0			1.0
73547			1			1			1			1.0
77432			0			1			0			1.0
78788			0			1			0			1.0
80953			0			1			0			1.0
81772			0			1			0			1.0
88081			0			1			0			1.0
89638			0			1			0			1.0
90688			0			1			0			1.0
91426			0			1			0			1.0
91505			0			1			0			1.0
94447			0			1			0			1.0
94600			0			1			0			1.0
98794			0			1			0			1.0
100043			0			1			0			1.0
102601			0			1			0			1.0
109856			3			1			3			1.0
110026			0			1			0			1.0
116497			3			1			3			1.0
121123			0			1			0			1.0
121525			0			1			0			1.0
123530			1			1			1			1.0
123938			0			1			0			1.0
124541			0			1			0			1.0
129143			1			1			1			1.0
129956			0			1			0			1.0
131425			0			1			0			1.0
134233			0			1			0			1.0
142402			0			1			0			1.0
143198			0			1			0			1.0
143704			0			1			0			1.0
144641			0			1			0			1.0
144674			0			1			0			1.0
145237			0			1			0			1.0
145481			0			1			0			1.0
146032			0			1			0			1.0
146126			0			1			0			1.0
147988			0			1			0			1.0
148009			0			1			0			1.0
