35			0			1			0			1.0
335079			8134			1			8134			1.0
434595			2303			1			2303			1.0
589635			3839			1			3839			1.0
725633			3327			1			3327			1.0
771078			1179			1			1179			1.0
867846			2303			1			2303			1.0
902722			767			1			767			1.0
1410850			12543			1			12543			1.0
1637344			5705			1			5705			1.0
1865766			5375			1			5375			1.0
2012294			3583			1			3583			1.0
2132673			3071			1			3071			1.0
2311105			4210			1			4210			1.0
2380993			1791			1			1791			1.0
2402886			511			1			511			1.0
2421792			511			1			511			1.0
2584644			4095			1			4095			1.0
2762944			4351			1			4351			1.0
2956708			4607			1			4607			1.0
3239078			6809			1			6809			1.0
3483332			6143			1			6143			1.0
4109120			15214			1			15214			1.0
4128327			511			1			511			1.0
4371681			5887			1			5887			1.0
4430821			1535			1			1535			1.0
4570848			3494			1			3494			1.0
4593220			511			1			511			1.0
4716837			3071			1			3071			1.0
5236290			12543			1			12543			1.0
5600995			8814			1			8814			1.0
5634880			767			1			767			1.0
5970657			8191			1			8191			1.0
5999973			666			1			666			1.0
