42977			0			1			0			1.0
199360			0			1			0			1.0
204997			0			1			0			1.0
257668			0			1			0			1.0
295527			0			1			0			1.0
494215			2			1			2			1.0
577344			0			1			0			1.0
809765			0			1			0			1.0
811265			0			1			0			1.0
889991			1			1			1			1.0
970374			1			1			1			1.0
1004100			0			1			0			1.0
1081026			0			1			0			1.0
1084706			0			1			0			1.0
1373446			1			1			1			1.0
1398886			0			1			0			1.0
1539268			0			1			0			1.0
1607042			0			1			0			1.0
1609828			0			1			0			1.0
1711234			0			1			0			1.0
1781410			0			1			0			1.0
1784293			0			1			0			1.0
1932039			0			1			0			1.0
2170690			1			1			1			1.0
2240609			1			1			1			1.0
2262887			0			1			0			1.0
2304675			0			1			0			1.0
2457218			0			1			0			1.0
2484128			0			1			0			1.0
2571460			0			1			0			1.0
2578561			0			1			0			1.0
2677024			0			1			0			1.0
2715047			0			1			0			1.0
2728996			0			1			0			1.0
2776807			0			1			0			1.0
2946886			0			1			0			1.0
2989607			0			1			0			1.0
3002020			0			1			0			1.0
3206914			0			1			0			1.0
3333792			0			1			0			1.0
3356801			0			1			0			1.0
3365669			0			1			0			1.0
3412068			0			1			0			1.0
3414117			0			1			0			1.0
3450243			0			1			0			1.0
3454791			0			1			0			1.0
3483847			0			1			0			1.0
3491939			0			1			0			1.0
3507556			0			1			0			1.0
3513572			0			1			0			1.0
3580071			0			1			0			1.0
3740166			0			1			0			1.0
3780897			0			1			0			1.0
3805637			0			1			0			1.0
3815233			0			1			0			1.0
3924263			0			1			0			1.0
4089926			0			1			0			1.0
4513444			0			1			0			1.0
4689603			0			1			0			1.0
4708096			0			1			0			1.0
4744679			0			1			0			1.0
4746528			0			1			0			1.0
4749606			0			1			0			1.0
4796356			0			1			0			1.0
4868772			0			1			0			1.0
4980007			0			1			0			1.0
5022116			0			1			0			1.0
5038855			0			1			0			1.0
5149765			0			1			0			1.0
5179681			0			1			0			1.0
5364193			0			1			0			1.0
5447878			0			1			0			1.0
5769157			1			1			1			1.0
5836391			0			1			0			1.0
5850817			0			1			0			1.0
