0			0			5761			0			1.0
1			0			5798			0			1.0
2			0			6056			0			1.0
3			0			5809			0			1.0
4			0			5763			0			1.0
5			0			5901			0			1.0
6			0			6052			0			1.0
7			0			5894			0			1.0
8			0			5811			0			1.0
9			0			5867			0			1.0
10			0			5775			0			1.0
11			0			5615			0			1.0
12			0			5880			0			1.0
13			0			5860			0			1.0
14			0			5709			0			1.0
15			0			5932			0			1.0
16			0			5993			0			1.0
17			0			5748			0			1.0
18			0			5870			0			1.0
19			0			5999			0			1.0
20			0			5736			0			1.0
21			0			5891			0			1.0
22			0			5928			0			1.0
23			0			5829			0			1.0
24			0			5918			0			1.0
