4			0			2			0			1.0
313			283			6			152			1.8618422
1894			1486			7			766			1.9399477
3451			1492			7			756			1.973545
4174			686			6			366			1.8743169
4963			783			8			391			2.0025575
5836			851			7			431			1.974478
6265			414			8			200			2.07
7156			880			8			426			2.0657277
9082			1844			6			920			2.0043478
9595			455			6			244			1.8647541
11128			1491			8			745			2.0013423
13312			2117			7			1076			1.9674721
14845			1454			8			739			1.9675237
15889			1006			7			507			1.9842209
16615			682			7			342			1.9941521
18631			1954			7			1004			1.9462152
19516			909			10			458			1.9847162
20158			594			7			311			1.9099679
20809			648			8			325			1.9938462
24694			3757			8			1929			1.9476413
25612			864			6			438			1.9726027
26167			489			6			262			1.8664122
26791			603			8			304			1.9835526
27781			1014			6			497			2.0402415
28351			514			9			275			1.8690909
28897			502			6			260			1.9307692
29539			689			6			334			2.0628743
30427			843			7			432			1.9513888
32209			1690			6			889			1.9010124
32869			667			6			323			2.0650156
33688			753			7			388			1.9407216
34510			857			6			415			2.0650601
35998			1399			6			737			1.898236
36817			813			8			405			2.0074074
48127			11278			7			5604			2.012491
48829			652			7			332			1.9638554
49297			476			6			243			1.9588478
50191			894			7			436			2.0504587
51298			1086			8			549			1.978142
52210			907			8			467			1.9421842
52960			751			7			376			1.9973404
53905			869			8			453			1.9183223
54256			302			8			163			1.8527608
55087			808			7			410			1.9707317
56020			908			7			461			1.9696312
56719			630			7			344			1.8313954
59335			2636			6			1337			1.9715781
60121			731			8			391			1.8695652
61453			1297			8			636			2.039308
62017			589			6			285			2.0666666
62476			450			6			234			1.9230769
64825			2275			6			1159			1.9628991
65647			827			6			400			2.0675
66313			642			7			329			1.9513677
67198			817			8			429			1.904429
69943			2724			6			1345			2.0252788
71071			1068			7			545			1.959633
71776			716			9			354			2.022599
74755			2949			8			1480			1.9925675
75610			834			7			434			1.921659
76570			938			9			479			1.9582464
78115			1540			6			762			2.0209973
80372			2035			7			1068			1.9054307
81151			775			8			392			1.9770408
81835			626			7			327			1.914373
84538			2556			7			1324			1.9305136
84925			352			6			194			1.814433
86104			1225			6			605			2.0247934
86743			618			7			322			1.9192547
87424			610			7			337			1.810089
90781			3402			7			1669			2.0383463
94747			3939			7			1942			2.0283213
99316			4318			6			2233			1.9337214
99961			643			7			315			2.0412698
100327			381			7			188			2.0265958
101272			906			7			464			1.9525862
103723			2356			8			1197			1.968254
104563			784			6			418			1.8755981
106630			2018			7			1013			1.9921026
107365			702			7			365			1.9232876
108220			865			6			436			1.983945
109978			1637			8			858			1.9079254
110767			741			6			374			1.9812834
111745			1004			7			480			2.0916667
112768			966			7			502			1.9243028
114091			1356			7			684			1.9824561
115633			1495			7			782			1.9117647
116086			461			7			227			2.030837
116851			694			7			361			1.9224377
118480			1539			6			798			1.9285715
119242			715			8			351			2.0370371
122443			3080			7			1586			1.9419924
122923			487			7			236			2.0635593
127918			4841			5			2475			1.9559596
128722			720			7			378			1.9047619
129784			996			9			517			1.926499
130294			495			7			243			2.0370371
131737			1352			6			715			1.8909091
132637			864			7			433			1.9953811
134200			1472			6			754			1.9522547
134620			429			7			208			2.0625
135805			1108			7			571			1.9404553
139747			3980			7			1983			2.00706
140689			888			7			463			1.9179265
141322			591			6			317			1.8643533
142129			806			7			401			2.009975
144727			2601			7			1303			1.9961627
149035			4203			8			2136			1.9676967
149998			926			2			469			1.9744136
