8420			0			1			0			1.0
679076			0			1			0			1.0
814437			0			1			0			1.0
833959			0			1			0			1.0
1109351			0			1			0			1.0
1195201			0			1			0			1.0
1221793			0			1			0			1.0
1347942			0			1			0			1.0
1426725			0			1			0			1.0
1451334			0			1			0			1.0
1487650			0			1			0			1.0
1511716			0			1			0			1.0
1638976			0			1			0			1.0
1670529			0			1			0			1.0
1720325			0			1			0			1.0
1795300			2			1			2			1.0
1800070			0			1			0			1.0
1871591			0			1			0			1.0
1915429			0			1			0			1.0
1922659			0			1			0			1.0
1946023			0			1			0			1.0
1978658			0			1			0			1.0
2039809			0			1			0			1.0
2082565			0			1			0			1.0
2092388			0			1			0			1.0
2211078			0			1			0			1.0
2275269			0			1			0			1.0
2318916			0			1			0			1.0
2508035			0			1			0			1.0
2551110			0			1			0			1.0
2687398			0			1			0			1.0
2706567			0			1			0			1.0
2754532			0			1			0			1.0
2785441			0			1			0			1.0
2919681			0			1			0			1.0
2995557			0			1			0			1.0
3026981			0			1			0			1.0
3117284			1			1			1			1.0
3149059			0			1			0			1.0
3201543			0			1			0			1.0
3363622			0			1			0			1.0
3626407			0			1			0			1.0
3626592			0			1			0			1.0
3878881			0			1			0			1.0
3905056			0			1			0			1.0
3969059			0			1			0			1.0
4195169			0			1			0			1.0
4271235			0			1			0			1.0
4330178			0			1			0			1.0
4369668			0			1			0			1.0
4545540			0			1			0			1.0
4637346			0			1			0			1.0
4762659			0			1			0			1.0
4790501			0			1			0			1.0
4996706			0			1			0			1.0
5266914			0			1			0			1.0
5302691			0			1			0			1.0
5308482			0			1			0			1.0
5326816			0			1			0			1.0
5338535			0			1			0			1.0
5363142			0			1			0			1.0
5452449			0			1			0			1.0
5637441			0			1			0			1.0
5975717			0			1			0			1.0
5999809			0			1			0			1.0
