4			0			1			0			1.0
79			2			1			2			1.0
98			1			1			1			1.0
137			1			1			1			1.0
205			3			1			3			1.0
237			1			1			1			1.0
269			1			1			1			1.0
351			3			1			3			1.0
369			1			1			1			1.0
428			1			1			1			1.0
525			1			1			1			1.0
560			1			1			1			1.0
630			1			1			1			1.0
669			1			1			1			1.0
758			3			1			3			1.0
770			1			1			1			1.0
826			3			1			3			1.0
893			1			1			1			1.0
922			1			1			1			1.0
985			1			1			1			1.0
1014			1			1			1			1.0
1045			1			1			1			1.0
1152			1			1			1			1.0
1190			1			1			1			1.0
1203			1			1			1			1.0
1253			4			2			4			1.0
1274			2			1			2			1.0
1422			3			1			3			1.0
1492			3			1			3			1.0
1606			3			1			3			1.0
1610			1			1			1			1.0
1634			1			1			1			1.0
1661			1			1			1			1.0
1755			3			1			3			1.0
1772			1			1			1			1.0
1804			1			1			1			1.0
1828			1			1			1			1.0
1869			3			2			3			1.0
1877			1			1			1			1.0
1895			1			1			1			1.0
1913			1			1			1			1.0
1953			1			1			1			1.0
1987			1			1			1			1.0
2041			1			1			1			1.0
2057			1			1			1			1.0
2081			1			1			1			1.0
2128			1			1			1			1.0
2160			2			2			2			1.0
2180			1			1			1			1.0
2209			1			1			1			1.0
2248			1			1			1			1.0
2315			2			2			2			1.0
2467			3			1			3			1.0
2515			3			1			3			1.0
2557			3			1			3			1.0
2621			2			2			2			1.0
2682			1			1			1			1.0
2798			3			1			3			1.0
2914			3			1			3			1.0
3015			7			1			7			1.0
3050			1			1			1			1.0
3053			1			1			1			1.0
3064			1			1			1			1.0
3089			1			1			1			1.0
3148			1			1			1			1.0
3166			1			1			1			1.0
3194			1			1			1			1.0
3216			1			1			1			1.0
3264			1			1			1			1.0
3297			1			1			1			1.0
3306			1			1			1			1.0
3337			1			2			1			1.0
3374			1			1			1			1.0
3402			1			1			1			1.0
3459			3			1			3			1.0
3492			1			1			1			1.0
3522			1			1			1			1.0
3583			2			1			2			1.0
3611			1			1			1			1.0
3630			3			1			3			1.0
3680			3			1			3			1.0
3750			1			1			1			1.0
3752			1			1			1			1.0
3843			3			1			3			1.0
3979			3			1			3			1.0
4029			3			1			3			1.0
4158			3			1			3			1.0
4193			3			1			3			1.0
4208			1			1			1			1.0
4270			3			1			3			1.0
4293			1			2			1			1.0
4437			3			1			3			1.0
4458			1			2			1			1.0
4473			1			2			1			1.0
4487			1			1			1			1.0
4573			5			1			5			1.0
4671			1			1			1			1.0
4786			1			1			1			1.0
4867			3			1			3			1.0
4912			1			1			1			1.0
4961			1			1			1			1.0
5060			3			1			3			1.0
5117			1			1			1			1.0
5128			1			1			1			1.0
5131			1			1			1			1.0
5293			2			2			2			1.0
5346			1			1			1			1.0
5457			1			1			1			1.0
5503			1			1			1			1.0
5635			3			1			3			1.0
5641			1			1			1			1.0
5649			1			1			1			1.0
5674			1			1			1			1.0
5717			1			1			1			1.0
5750			1			1			1			1.0
5791			1			1			1			1.0
5803			1			1			1			1.0
5818			1			1			1			1.0
5881			2			2			2			1.0
5909			1			1			1			1.0
5972			3			1			3			1.0
6033			1			1			1			1.0
6060			1			1			1			1.0
6063			1			1			1			1.0
6090			1			1			1			1.0
6097			1			1			1			1.0
6128			1			1			1			1.0
6142			1			1			1			1.0
6187			1			1			1			1.0
6195			1			1			1			1.0
6264			2			2			2			1.0
6315			1			1			1			1.0
6325			1			1			1			1.0
6453			3			1			3			1.0
6482			1			2			1			1.0
6554			1			1			1			1.0
6570			1			1			1			1.0
6641			1			1			1			1.0
6683			1			1			1			1.0
6751			1			1			1			1.0
6776			1			1			1			1.0
6829			1			1			1			1.0
6837			1			1			1			1.0
6866			1			1			1			1.0
6980			1			1			1			1.0
7014			1			1			1			1.0
7057			1			1			1			1.0
7103			3			1			3			1.0
7218			3			1			3			1.0
7259			1			1			1			1.0
7277			1			1			1			1.0
7307			1			2			1			1.0
7341			1			1			1			1.0
7361			2			1			2			1.0
7407			2			2			2			1.0
7491			2			1			2			1.0
7506			2			1			2			1.0
7532			2			1			2			1.0
7620			2			1			2			1.0
7630			2			1			2			1.0
7736			2			1			2			1.0
7787			2			1			2			1.0
7829			2			1			2			1.0
7880			3			1			3			1.0
7961			3			1			3			1.0
8073			3			1			3			1.0
8182			3			1			3			1.0
8285			3			1			3			1.0
8344			3			1			3			1.0
8426			3			1			3			1.0
8548			3			1			3			1.0
8597			3			1			3			1.0
8823			3			1			3			1.0
8838			3			1			3			1.0
8930			3			1			3			1.0
9080			3			1			3			1.0
9148			3			1			3			1.0
9185			3			1			3			1.0
9242			3			1			3			1.0
9305			3			1			3			1.0
9398			3			1			3			1.0
9522			3			1			3			1.0
9576			3			2			3			1.0
9647			3			1			3			1.0
9686			2			1			1			2.0
9722			1			2			1			1.0
9782			3			1			3			1.0
9857			3			1			3			1.0
9960			2			1			2			1.0
9981			0			1			0			1.0
