129			0			1			0			1.0
89125			1478			1			1478			1.0
145760			1023			1			1023			1.0
189223			767			1			767			1.0
239077			767			1			767			1.0
311299			1279			1			1279			1.0
389829			1279			1			1279			1.0
481062			1535			1			1535			1.0
651429			2815			1			2815			1.0
665281			255			1			255			1.0
920512			4307			1			4307			1.0
934370			255			1			255			1.0
1179879			4095			1			4095			1.0
1196672			255			1			255			1.0
1460609			4351			1			4351			1.0
1521792			957			1			957			1.0
1853221			5631			1			5631			1.0
1866596			255			1			255			1.0
1958592			1535			1			1535			1.0
2023781			1023			1			1023			1.0
2094912			1279			1			1279			1.0
2237827			2301			1			2301			1.0
2250980			199			1			199			1.0
2278689			511			1			511			1.0
2729830			7423			1			7423			1.0
2747109			255			1			255			1.0
2853415			1791			1			1791			1.0
3067747			3496			1			3496			1.0
3101347			511			1			511			1.0
3145635			767			1			767			1.0
3196743			767			1			767			1.0
3350279			2559			1			2559			1.0
3368576			255			1			255			1.0
3561958			3327			1			3327			1.0
3593504			511			1			511			1.0
3610503			255			1			255			1.0
3641060			511			1			511			1.0
3658464			255			1			255			1.0
3766692			1753			1			1753			1.0
3783397			255			1			255			1.0
3871936			1535			1			1535			1.0
3935847			1023			1			1023			1.0
4131907			3327			1			3327			1.0
4197409			1023			1			1023			1.0
4474592			4607			1			4607			1.0
4681444			3500			1			3500			1.0
4714370			511			1			511			1.0
5044038			5631			1			5631			1.0
5226855			3071			1			3071			1.0
5243041			313			1			313			1.0
5273984			456			1			456			1.0
5442849			2815			1			2815			1.0
5525382			1279			1			1279			1.0
5584704			1023			1			1023			1.0
5616934			511			1			511			1.0
5645543			511			1			511			1.0
5695110			767			1			767			1.0
5724871			511			1			511			1.0
5865792			2303			1			2303			1.0
5999812			2271			1			2271			1.0
