3			0			1			0			1.0
7333			1414			1			1414			1.0
10777			703			1			703			1.0
11457			127			1			127			1.0
12595			255			1			255			1.0
15986			639			1			639			1.0
16742			127			1			127			1.0
17336			127			1			127			1.0
18325			191			1			191			1.0
18869			127			1			127			1.0
20069			255			1			255			1.0
20762			127			1			127			1.0
21870			255			1			255			1.0
22607			127			1			127			1.0
25224			511			1			511			1.0
25776			127			1			127			1.0
26679			191			1			191			1.0
35033			1663			1			1663			1.0
36827			383			1			383			1.0
38903			383			1			383			1.0
41360			511			1			511			1.0
45956			895			1			895			1.0
46795			191			1			191			1.0
47481			127			1			127			1.0
48718			255			1			255			1.0
49812			191			1			191			1.0
53832			767			1			767			1.0
55077			255			1			255			1.0
56399			255			1			255			1.0
57004			127			1			127			1.0
58344			255			1			255			1.0
58913			127			1			127			1.0
60917			383			1			383			1.0
62100			255			1			255			1.0
67249			1023			1			1023			1.0
69063			383			1			383			1.0
72436			639			1			639			1.0
73606			255			1			255			1.0
74351			127			1			127			1.0
75535			255			1			255			1.0
76065			127			1			127			1.0
77371			255			1			255			1.0
78832			255			1			255			1.0
80792			383			1			383			1.0
81356			127			1			127			1.0
84462			639			1			639			1.0
85214			127			1			127			1.0
85862			127			1			127			1.0
87606			383			1			383			1.0
94768			1407			1			1407			1.0
95523			127			1			127			1.0
99424			767			1			767			1.0
100176			127			1			127			1.0
109727			1919			1			1919			1.0
117380			1535			1			1535			1.0
118530			255			1			255			1.0
127672			1727			1			1727			1.0
128612			191			1			191			1.0
129448			191			1			191			1.0
130493			191			1			191			1.0
132385			383			1			383			1.0
134409			383			1			383			1.0
135288			191			1			191			1.0
136266			191			1			191			1.0
137081			191			1			191			1.0
140028			575			1			575			1.0
147332			1471			1			1471			1.0
148680			255			1			255			1.0
153851			1023			1			1023			1.0
155272			255			1			255			1.0
156476			255			1			255			1.0
160499			767			1			767			1.0
162970			511			1			511			1.0
164326			255			1			255			1.0
181847			3583			1			3583			1.0
192007			2047			1			2047			1.0
199901			1535			1			1535			1.0
199996			23			1			23			1.0
199997			0			1			0			1.0
