5			0			1			0			1.0
917			189			1			189			1.0
1671			136			1			136			1.0
2273			127			1			127			1.0
7287			959			1			959			1.0
8515			255			1			255			1.0
9271			127			1			127			1.0
9928			127			1			127			1.0
11356			319			1			319			1.0
12587			255			1			255			1.0
13611			191			1			191			1.0
15664			447			1			447			1.0
17020			255			1			255			1.0
18455			319			1			319			1.0
20446			383			1			383			1.0
21012			127			1			127			1.0
21702			127			1			127			1.0
23173			319			1			319			1.0
25496			447			1			447			1.0
26342			191			1			191			1.0
27011			127			1			127			1.0
27525			127			1			127			1.0
28796			255			1			255			1.0
30561			383			1			383			1.0
34428			767			1			767			1.0
36261			383			1			383			1.0
39550			639			1			639			1.0
40277			127			1			127			1.0
42929			575			1			575			1.0
43952			191			1			191			1.0
44495			127			1			127			1.0
47379			575			1			575			1.0
51052			703			1			703			1.0
55947			1023			1			1023			1.0
57282			255			1			255			1.0
57889			127			1			127			1.0
58571			127			1			127			1.0
62317			767			1			767			1.0
62900			127			1			127			1.0
63566			127			1			127			1.0
64768			255			1			255			1.0
65499			127			1			127			1.0
69179			767			1			767			1.0
69722			127			1			127			1.0
72235			511			1			511			1.0
74233			383			1			383			1.0
74804			127			1			127			1.0
75447			127			1			127			1.0
76623			255			1			255			1.0
79213			511			1			511			1.0
79994			127			1			127			1.0
83088			639			1			639			1.0
84480			255			1			255			1.0
84982			127			1			127			1.0
86298			255			1			255			1.0
87029			127			1			127			1.0
87580			127			1			127			1.0
89534			383			1			383			1.0
91000			255			1			255			1.0
94878			767			1			767			1.0
95406			127			1			127			1.0
97219			383			1			383			1.0
98522			255			1			255			1.0
99706			255			1			255			1.0
100357			127			1			127			1.0
101091			127			1			127			1.0
102982			383			1			383			1.0
103713			127			1			127			1.0
104910			255			1			255			1.0
106255			255			1			255			1.0
106861			127			1			127			1.0
108181			255			1			255			1.0
108740			127			1			127			1.0
111353			511			1			511			1.0
114373			639			1			639			1.0
115699			255			1			255			1.0
116289			127			1			127			1.0
116950			127			1			127			1.0
120681			767			1			767			1.0
123040			383			1			383			1.0
124088			191			1			191			1.0
124926			191			1			191			1.0
128066			575			1			575			1.0
129930			383			1			383			1.0
130957			191			1			191			1.0
133799			575			1			575			1.0
134669			191			1			191			1.0
137656			575			1			575			1.0
140396			575			1			575			1.0
148335			1599			1			1599			1.0
149987			355			1			355			1.0
149994			0			1			0			1.0
