13731			0			1			0			1.0
34789			0			1			0			1.0
38080			0			1			0			1.0
40069			0			1			0			1.0
50400			0			1			0			1.0
72516			0			1			0			1.0
101573			0			1			0			1.0
122304			0			1			0			1.0
158432			0			1			0			1.0
351493			0			1			0			1.0
380289			0			1			0			1.0
380418			0			1			0			1.0
386529			0			1			0			1.0
459366			0			1			0			1.0
484261			0			1			0			1.0
490756			0			1			0			1.0
503398			0			1			0			1.0
548066			0			1			0			1.0
556832			0			1			0			1.0
593957			0			1			0			1.0
643461			0			1			0			1.0
726752			0			1			0			1.0
738368			0			1			0			1.0
829314			0			1			0			1.0
838723			0			1			0			1.0
910085			1			1			1			1.0
967431			0			1			0			1.0
1073954			0			1			0			1.0
1135268			0			1			0			1.0
1408737			0			1			0			1.0
1516197			0			1			0			1.0
1557316			0			1			0			1.0
1725282			1			1			1			1.0
1877443			0			1			0			1.0
1893541			0			1			0			1.0
2084035			0			1			0			1.0
2128390			0			1			0			1.0
2401218			0			1			0			1.0
2584480			0			1			0			1.0
2721701			0			1			0			1.0
2754342			0			1			0			1.0
2861826			0			1			0			1.0
2886340			0			1			0			1.0
2928006			0			1			0			1.0
3036450			0			1			0			1.0
3044962			0			1			0			1.0
3069283			1			1			1			1.0
3103271			1			1			1			1.0
3262210			0			1			0			1.0
3290820			0			1			0			1.0
3328485			0			1			0			1.0
3431008			0			1			0			1.0
3446694			0			1			0			1.0
3468099			0			1			0			1.0
3571303			0			1			0			1.0
3583936			0			1			0			1.0
3820231			0			1			0			1.0
3838214			0			1			0			1.0
3891201			0			1			0			1.0
3900483			0			1			0			1.0
3925413			0			1			0			1.0
3935683			0			1			0			1.0
3941600			0			1			0			1.0
4044546			0			1			0			1.0
4103526			0			1			0			1.0
4105664			0			1			0			1.0
4143168			0			1			0			1.0
4219266			0			1			0			1.0
4267879			0			1			0			1.0
4393153			0			1			0			1.0
4474149			0			1			0			1.0
4608322			0			1			0			1.0
4616993			0			1			0			1.0
4694881			0			1			0			1.0
4829379			0			1			0			1.0
4893637			0			1			0			1.0
5134503			0			1			0			1.0
5159715			0			1			0			1.0
5166144			0			1			0			1.0
5295841			0			1			0			1.0
5368422			1			1			1			1.0
5371168			0			1			0			1.0
5384485			0			1			0			1.0
5637285			0			1			0			1.0
5669505			0			1			0			1.0
5674918			0			1			0			1.0
5691207			0			1			0			1.0
5698023			0			1			0			1.0
5707300			0			1			0			1.0
5714214			0			1			0			1.0
5758022			0			1			0			1.0
5828390			0			1			0			1.0
5882438			0			1			0			1.0
