102			0			1			0			1.0
99520			966			1			966			1.0
124067			255			1			255			1.0
151845			255			1			255			1.0
293604			1407			1			1407			1.0
347392			511			1			511			1.0
408069			639			1			639			1.0
524870			1151			1			1151			1.0
547840			255			1			255			1.0
831171			2815			1			2815			1.0
861952			255			1			255			1.0
1017348			1535			1			1535			1.0
1141730			1279			1			1279			1.0
1387812			2431			1			2431			1.0
1459333			767			1			767			1.0
1565536			1023			1			1023			1.0
1636453			767			1			767			1.0
2062758			4223			1			4223			1.0
2117990			511			1			511			1.0
2205511			895			1			895			1.0
2235072			255			1			255			1.0
2332516			1023			1			1023			1.0
2531238			1919			1			1919			1.0
2554563			255			1			255			1.0
2607360			511			1			511			1.0
2630752			255			1			255			1.0
2817862			1791			1			1791			1.0
2842688			255			1			255			1.0
2927335			767			1			767			1.0
3056832			1279			1			1279			1.0
3080229			255			1			255			1.0
3187398			1023			1			1023			1.0
3336967			1535			1			1535			1.0
3367335			255			1			255			1.0
3502945			1279			1			1279			1.0
3580902			767			1			767			1.0
3782496			2047			1			2047			1.0
3912707			1279			1			1279			1.0
3941474			255			1			255			1.0
4118404			1791			1			1791			1.0
4141665			255			1			255			1.0
4169760			255			1			255			1.0
4243873			767			1			767			1.0
4455555			2047			1			2047			1.0
4502562			511			1			511			1.0
4530981			255			1			255			1.0
4659204			1279			1			1279			1.0
4681542			255			1			255			1.0
4819235			1407			1			1407			1.0
4854085			383			1			383			1.0
4973735			1151			1			1151			1.0
5009413			383			1			383			1.0
5090148			767			1			767			1.0
5127426			383			1			383			1.0
5211237			767			1			767			1.0
5324000			1151			1			1151			1.0
5438754			1151			1			1151			1.0
5599622			1535			1			1535			1.0
5756389			1535			1			1535			1.0
5957120			1919			1			1919			1.0
5999814			437			1			437			1.0
5999840			0			1			0			1.0
