675			0			1			0			1.0
28007			30			1			30			1.0
62855			31			1			31			1.0
78822			22			1			22			1.0
136129			58			1			58			1.0
194375			49			1			49			1.0
220612			19			1			19			1.0
313351			95			1			95			1.0
386405			71			1			71			1.0
410951			31			1			31			1.0
475171			55			1			55			1.0
504034			31			1			31			1.0
536869			31			1			31			1.0
562724			23			1			23			1.0
594945			39			1			39			1.0
622881			23			1			23			1.0
684160			63			1			63			1.0
716288			31			1			31			1.0
744839			23			1			23			1.0
824163			63			1			63			1.0
867492			31			1			31			1.0
889730			15			1			15			1.0
927008			31			1			31			1.0
967077			31			1			31			1.0
989572			23			1			23			1.0
1023171			39			1			39			1.0
1056032			31			1			31			1.0
1087521			23			1			23			1.0
1117319			31			1			31			1.0
1145125			23			1			23			1.0
1184672			31			1			31			1.0
1209696			23			1			23			1.0
1226886			23			1			23			1.0
1259398			31			1			31			1.0
1287365			23			1			23			1.0
1327233			31			1			31			1.0
1349701			23			1			23			1.0
1379554			23			1			23			1.0
1392193			15			1			15			1.0
1443716			39			1			39			1.0
1471365			31			1			31			1.0
1509281			39			1			39			1.0
1537472			23			1			23			1.0
1551331			15			1			15			1.0
1599041			31			1			31			1.0
1647328			39			1			39			1.0
1689955			31			1			31			1.0
1712577			31			1			31			1.0
1733411			15			1			15			1.0
1799045			63			1			63			1.0
1839170			31			1			31			1.0
1870181			31			1			31			1.0
1895239			15			1			15			1.0
1979936			79			1			79			1.0
2002310			31			1			31			1.0
2074465			63			1			63			1.0
2083939			15			1			15			1.0
2111521			31			1			31			1.0
2172582			63			1			63			1.0
2225990			47			1			47			1.0
2248230			15			1			15			1.0
2311814			63			1			63			1.0
2335682			31			1			31			1.0
2368512			31			1			31			1.0
2393127			31			1			31			1.0
2405927			15			1			15			1.0
2477798			79			1			79			1.0
2515842			31			1			31			1.0
2547717			31			1			31			1.0
2560294			15			1			15			1.0
2592966			31			1			31			1.0
2620099			31			1			31			1.0
2650566			47			1			47			1.0
2695911			31			1			31			1.0
2722307			15			1			15			1.0
2785095			63			1			63			1.0
2818148			31			1			31			1.0
2845761			31			1			31			1.0
2855200			15			1			15			1.0
2892903			31			1			31			1.0
2950784			63			1			63			1.0
3030082			79			1			79			1.0
3092260			55			1			55			1.0
3144448			47			1			47			1.0
3172102			23			1			23			1.0
3192260			23			1			23			1.0
3278436			71			1			71			1.0
3323717			47			1			47			1.0
3355015			23			1			23			1.0
3380129			23			1			23			1.0
3410277			23			1			23			1.0
3443200			23			1			23			1.0
3480036			23			1			23			1.0
3504903			23			1			23			1.0
3526208			23			1			23			1.0
3558978			47			1			47			1.0
3580738			23			1			23			1.0
3598049			23			1			23			1.0
3638694			47			1			47			1.0
3671203			31			1			31			1.0
3721795			31			1			31			1.0
3746790			31			1			31			1.0
3823360			63			1			63			1.0
3857666			31			1			31			1.0
3907524			31			1			31			1.0
3970213			63			1			63			1.0
4047591			63			1			63			1.0
4079462			31			1			31			1.0
4104739			31			1			31			1.0
4145062			31			1			31			1.0
4176903			31			1			31			1.0
4201765			31			1			31			1.0
4231266			31			1			31			1.0
4274406			31			1			31			1.0
4307558			31			1			31			1.0
4379974			63			1			63			1.0
4406821			31			1			31			1.0
4443427			31			1			31			1.0
4523749			63			1			63			1.0
4554851			31			1			31			1.0
4590823			31			1			31			1.0
4630214			31			1			31			1.0
4672804			31			1			31			1.0
4700225			31			1			31			1.0
4732068			31			1			31			1.0
4802631			63			1			63			1.0
4832480			31			1			31			1.0
4868295			31			1			31			1.0
4899521			31			1			31			1.0
4974371			63			1			63			1.0
5004708			31			1			31			1.0
5098661			95			1			95			1.0
5131910			31			1			31			1.0
5179936			31			1			31			1.0
5209895			31			1			31			1.0
5261671			31			1			31			1.0
5293990			31			1			31			1.0
5333890			31			1			31			1.0
5429253			95			1			95			1.0
5464966			31			1			31			1.0
5495905			31			1			31			1.0
5529858			31			1			31			1.0
5551077			31			1			31			1.0
5670658			127			1			127			1.0
5696387			31			1			31			1.0
5726848			31			1			31			1.0
5762183			31			1			31			1.0
5788580			31			1			31			1.0
5864832			63			1			63			1.0
5889028			31			1			31			1.0
5983072			79			1			79			1.0
5998688			11			1			11			1.0
5999296			0			1			0			1.0
