1			0			19			0			1.0
137319			468749			162			14658			31.97862
159813			75939			122			2362			32.15073
192195			107853			116			3379			31.922827
213729			70973			128			2233			31.788794
253443			135427			131			4217			32.11684
293474			136021			133			4240			32.082348
330343			125317			128			3941			31.798464
645893			1078783			156			33452			32.248783
810275			561576			142			17421			32.23518
1012738			690877			156			21481			32.16296
1057058			152542			139			4725			32.284225
1128450			248281			133			7647			32.46606
1161959			116374			139			3562			32.67068
1198407			126337			142			3941			32.0573
1530594			1138062			145			35201			32.330067
1578439			165120			139			5148			32.074333
1616550			131195			145			4112			31.902102
1670881			187753			131			5768			32.552994
1707011			122537			133			3835			31.95467
1732291			86483			125			2663			32.478916
1750565			62338			139			1931			32.284855
1802754			178436			156			5525			32.295986
1993829			661797			162			20427			32.398434
2020231			91192			142			2823			32.301483
2905829			3031328			159			94240			32.165985
5999971			10614748			45			328925			32.271046
5999975			0			39			0			32.246735
