102			0			1			0			1.0
99520			966			1			966			1.0
124067			255			1			255			1.0
151845			255			1			255			1.0
293511			1407			1			1407			1.0
347362			511			1			511			1.0
524487			1791			1			1791			1.0
611394			895			1			895			1.0
780261			1663			1			1663			1.0
830950			511			1			511			1.0
861572			255			1			255			1.0
1017027			1535			1			1535			1.0
1141379			1279			1			1279			1.0
1387429			2431			1			2431			1.0
1458978			767			1			767			1.0
1565253			1023			1			1023			1.0
1636197			767			1			767			1.0
2034882			3967			1			3967			1.0
2117601			767			1			767			1.0
2153606			383			1			383			1.0
2204485			511			1			511			1.0
2233378			255			1			255			1.0
2331620			1023			1			1023			1.0
2530562			1919			1			1919			1.0
2553414			255			1			255			1.0
2606180			511			1			511			1.0
2656225			511			1			511			1.0
2791492			1279			1			1279			1.0
2842208			511			1			511			1.0
2952033			1023			1			1023			1.0
3055874			1023			1			1023			1.0
3131623			767			1			767			1.0
3186884			511			1			511			1.0
3335941			1535			1			1535			1.0
3366275			255			1			255			1.0
3501765			1279			1			1279			1.0
3579235			767			1			767			1.0
3603238			255			1			255			1.0
3781539			1791			1			1791			1.0
3835558			511			1			511			1.0
3911364			767			1			767			1.0
3939974			255			1			255			1.0
3965472			255			1			255			1.0
3988320			255			1			255			1.0
4117473			1279			1			1279			1.0
4139936			255			1			255			1.0
4167911			255			1			255			1.0
4241536			767			1			767			1.0
4269542			255			1			255			1.0
4454113			1791			1			1791			1.0
4500545			511			1			511			1.0
4530021			255			1			255			1.0
4657217			1279			1			1279			1.0
4705382			511			1			511			1.0
4731333			255			1			255			1.0
4891649			1663			1			1663			1.0
4972324			767			1			767			1.0
5007782			383			1			383			1.0
5088770			767			1			767			1.0
5125990			383			1			383			1.0
5210053			767			1			767			1.0
5436645			2303			1			2303			1.0
5597767			1535			1			1535			1.0
5754786			1535			1			1535			1.0
5999814			2377			1			2377			1.0
5999840			0			1			0			1.0
