63396			0			1			0			1.0
70112			0			1			0			1.0
161218			0			1			0			1.0
172293			0			1			0			1.0
250439			1			1			1			1.0
284228			0			1			0			1.0
348294			0			1			0			1.0
363879			0			1			0			1.0
365444			0			1			0			1.0
391749			0			1			0			1.0
395748			0			1			0			1.0
410752			0			1			0			1.0
415489			0			1			0			1.0
462501			0			1			0			1.0
469697			0			1			0			1.0
479781			0			1			0			1.0
558788			0			1			0			1.0
560162			0			1			0			1.0
584448			0			1			0			1.0
591169			0			1			0			1.0
613829			0			1			0			1.0
625953			0			1			0			1.0
644643			0			1			0			1.0
696032			0			1			0			1.0
700101			0			1			0			1.0
702503			0			1			0			1.0
743300			0			1			0			1.0
841253			1			1			1			1.0
875556			0			1			0			1.0
882241			0			1			0			1.0
900257			0			1			0			1.0
983076			1			1			1			1.0
985828			0			1			0			1.0
1027879			1			1			1			1.0
1043553			0			1			0			1.0
1052288			0			1			0			1.0
1106787			0			1			0			1.0
1130470			0			1			0			1.0
1133123			0			1			0			1.0
1189060			0			1			0			1.0
1194977			0			1			0			1.0
1415687			1			1			1			1.0
1480389			0			1			0			1.0
1560610			0			1			0			1.0
1567073			0			1			0			1.0
1571780			0			1			0			1.0
1598631			0			1			0			1.0
1611104			0			1			0			1.0
1648995			0			1			0			1.0
1667940			0			1			0			1.0
1705699			0			1			0			1.0
1763072			0			1			0			1.0
1772709			0			1			0			1.0
1826017			1			1			1			1.0
1855297			0			1			0			1.0
1862211			0			1			0			1.0
1876867			0			1			0			1.0
1936165			0			1			0			1.0
2083969			0			1			0			1.0
2115365			0			1			0			1.0
2159685			0			1			0			1.0
2214375			1			1			1			1.0
2236385			0			1			0			1.0
2236932			0			1			0			1.0
2255394			0			1			0			1.0
2292865			0			1			0			1.0
2299622			0			1			0			1.0
2299974			0			1			0			1.0
2351236			0			1			0			1.0
2412708			1			1			1			1.0
2465474			0			1			0			1.0
2471009			0			1			0			1.0
2539520			0			1			0			1.0
2548550			0			1			0			1.0
2567296			0			1			0			1.0
2573477			0			1			0			1.0
2785857			0			1			0			1.0
2798148			0			1			0			1.0
2806820			0			1			0			1.0
2813024			0			1			0			1.0
2843782			0			1			0			1.0
2901216			0			1			0			1.0
3176801			3			1			3			1.0
3195137			0			1			0			1.0
3261699			0			1			0			1.0
3261792			0			1			0			1.0
3283366			0			1			0			1.0
3368582			0			1			0			1.0
3398051			1			1			1			1.0
3450150			0			1			0			1.0
3536225			0			1			0			1.0
3545313			0			1			0			1.0
3588257			0			1			0			1.0
3611235			0			1			0			1.0
3612357			0			1			0			1.0
3666757			0			1			0			1.0
3690753			0			1			0			1.0
3755972			0			1			0			1.0
3762533			0			1			0			1.0
3920484			1			1			1			1.0
3926817			0			1			0			1.0
3949859			0			1			0			1.0
3962215			0			1			0			1.0
3995043			0			1			0			1.0
4000775			0			1			0			1.0
4023844			0			1			0			1.0
4112963			0			1			0			1.0
4116836			0			1			0			1.0
4141379			0			1			0			1.0
4145378			0			1			0			1.0
4197346			1			1			1			1.0
4253476			1			1			1			1.0
4261733			0			1			0			1.0
4303490			0			1			0			1.0
4378085			0			1			0			1.0
4410341			1			1			1			1.0
4435141			0			1			0			1.0
4471362			0			1			0			1.0
4481317			0			1			0			1.0
4495489			0			1			0			1.0
4595782			0			1			0			1.0
4599395			0			1			0			1.0
4628550			0			1			0			1.0
4640965			0			1			0			1.0
4703042			0			1			0			1.0
4704134			0			1			0			1.0
4726818			0			1			0			1.0
4745156			0			1			0			1.0
4757190			0			1			0			1.0
4759937			0			1			0			1.0
4808640			0			1			0			1.0
4810887			0			1			0			1.0
4816932			0			1			0			1.0
4840867			0			1			0			1.0
4844481			0			1			0			1.0
4929415			1			1			1			1.0
5008451			1			1			1			1.0
5072291			0			1			0			1.0
5088802			0			1			0			1.0
5113061			0			1			0			1.0
5163937			0			1			0			1.0
5173379			0			1			0			1.0
5187142			0			1			0			1.0
5338113			0			1			0			1.0
5406688			0			1			0			1.0
5417187			1			1			1			1.0
5421959			0			1			0			1.0
5433511			0			1			0			1.0
5551777			1			1			1			1.0
5680709			0			1			0			1.0
5708928			0			1			0			1.0
5806789			0			1			0			1.0
5839811			0			1			0			1.0
5861863			0			1			0			1.0
5980518			0			1			0			1.0
