32			0			1			0			1.0
32295			189			1			189			1.0
157863			648			1			648			1.0
184039			127			1			127			1.0
207233			127			1			127			1.0
317991			575			1			575			1.0
408292			447			1			447			1.0
455493			255			1			255			1.0
481604			127			1			127			1.0
512867			191			1			191			1.0
535811			127			1			127			1.0
556292			127			1			127			1.0
595234			191			1			191			1.0
614306			127			1			127			1.0
641766			127			1			127			1.0
673184			191			1			191			1.0
745349			383			1			383			1.0
772263			127			1			127			1.0
830599			255			1			255			1.0
855266			127			1			127			1.0
910211			319			1			319			1.0
976067			319			1			319			1.0
1106535			703			1			703			1.0
1139365			191			1			191			1.0
1218977			383			1			383			1.0
1352678			767			1			767			1.0
1424260			383			1			383			1.0
1489252			319			1			319			1.0
1560929			383			1			383			1.0
1593763			191			1			191			1.0
1699332			575			1			575			1.0
1720610			127			1			127			1.0
1757761			191			1			191			1.0
1857088			575			1			575			1.0
1973122			575			1			575			1.0
2007616			191			1			191			1.0
2050593			255			1			255			1.0
2102402			255			1			255			1.0
2146502			255			1			255			1.0
2201349			255			1			255			1.0
2247013			255			1			255			1.0
2274181			127			1			127			1.0
2398759			639			1			639			1.0
2450502			255			1			255			1.0
2472800			127			1			127			1.0
2524615			255			1			255			1.0
2646343			639			1			639			1.0
2734147			511			1			511			1.0
2834657			511			1			511			1.0
2929444			511			1			511			1.0
2975073			255			1			255			1.0
3015143			255			1			255			1.0
3064416			255			1			255			1.0
3092194			127			1			127			1.0
3156998			383			1			383			1.0
3181826			127			1			127			1.0
3202309			127			1			127			1.0
3277058			383			1			383			1.0
3320676			255			1			255			1.0
3398310			383			1			383			1.0
3419425			127			1			127			1.0
3442945			127			1			127			1.0
3469541			127			1			127			1.0
3491296			127			1			127			1.0
3567328			383			1			383			1.0
3586497			127			1			127			1.0
3611491			127			1			127			1.0
3640454			127			1			127			1.0
3664641			127			1			127			1.0
3683939			127			1			127			1.0
3779137			511			1			511			1.0
3871202			511			1			511			1.0
3897152			127			1			127			1.0
3918209			127			1			127			1.0
3944033			127			1			127			1.0
4032676			511			1			511			1.0
4201506			895			1			895			1.0
4229345			127			1			127			1.0
4374468			767			1			767			1.0
4429316			255			1			255			1.0
4498723			383			1			383			1.0
4607332			575			1			575			1.0
4673349			383			1			383			1.0
4743460			383			1			383			1.0
4775750			191			1			191			1.0
4847940			383			1			383			1.0
4888230			191			1			191			1.0
4998882			575			1			575			1.0
5033028			191			1			191			1.0
5183456			767			1			767			1.0
5224645			191			1			191			1.0
5292996			383			1			383			1.0
5330823			191			1			191			1.0
5414276			383			1			383			1.0
5510242			511			1			511			1.0
5615619			511			1			511			1.0
5845281			1279			1			1279			1.0
5887973			255			1			255			1.0
5999847			573			1			573			1.0
5999879			0			1			0			1.0
