6679			0			1			0			1.0
7678			1			1			1			1.0
8188			0			1			0			1.0
9187			1			1			1			1.0
9676			0			1			0			1.0
9939			0			1			0			1.0
10675			1			1			1			1.0
11185			1			1			1			1.0
12184			2			1			2			1.0
13183			2			1			2			1.0
13935			1			1			1			1.0
14671			1			1			1			1.0
15181			1			1			1			1.0
16180			2			1			2			1.0
16932			0			1			0			1.0
18930			1			1			1			1.0
21369			0			1			0			1.0
22368			0			1			0			1.0
24366			1			1			1			1.0
27363			3			1			3			1.0
28362			1			1			1			1.0
29361			1			1			1			1.0
30379			2			1			2			1.0
31378			1			1			1			1.0
32377			1			1			1			1.0
33376			1			1			1			1.0
34375			1			1			1			1.0
34479			0			1			0			1.0
35374			1			1			1			1.0
35478			0			1			0			1.0
36373			1			1			1			1.0
36477			0			1			0			1.0
37372			0			1			0			1.0
37476			0			1			0			1.0
38371			0			1			0			1.0
38475			0			1			0			1.0
39474			1			1			1			1.0
41472			1			1			1			1.0
43470			1			1			1			1.0
53378			1			1			1			1.0
54377			1			1			1			1.0
55376			1			1			1			1.0
56375			1			1			1			1.0
56619			1			1			1			1.0
57535			1			1			1			1.0
58359			1			1			1			1.0
58534			1			1			1			1.0
59372			2			1			2			1.0
59533			0			1			0			1.0
59616			0			1			0			1.0
60357			0			1			0			1.0
60371			0			1			0			1.0
60532			0			1			0			1.0
60615			0			1			0			1.0
60819			0			1			0			1.0
61356			0			1			0			1.0
61370			0			1			0			1.0
61531			0			1			0			1.0
61614			0			1			0			1.0
61818			0			1			0			1.0
62209			0			1			0			1.0
62530			1			1			1			1.0
62613			0			1			0			1.0
62817			0			1			0			1.0
63208			0			1			0			1.0
63354			0			1			0			1.0
63612			0			1			0			1.0
63816			0			1			0			1.0
64207			0			1			0			1.0
64353			0			1			0			1.0
64611			0			1			0			1.0
64815			0			1			0			1.0
65206			0			1			0			1.0
65352			0			1			0			1.0
65610			0			1			0			1.0
65814			0			1			0			1.0
66205			0			1			0			1.0
66351			0			1			0			1.0
67204			1			1			1			1.0
67350			0			1			0			1.0
68203			1			1			1			1.0
68811			0			1			0			1.0
69202			0			1			0			1.0
69810			0			1			0			1.0
71200			1			1			1			1.0
77318			1			1			1			1.0
79316			1			1			1			1.0
81314			1			1			1			1.0
83312			1			1			1			1.0
85310			1			1			1			1.0
88198			1			1			1			1.0
90196			1			1			1			1.0
92194			1			1			1			1.0
94192			1			1			1			1.0
96190			1			1			1			1.0
100858			1			1			1			1.0
102856			1			1			1			1.0
104854			1			1			1			1.0
106852			1			1			1			1.0
108850			1			1			1			1.0
112678			1			1			1			1.0
113677			1			1			1			1.0
114676			1			1			1			1.0
115675			1			1			1			1.0
116674			1			1			1			1.0
117673			1			1			1			1.0
118672			1			1			1			1.0
119671			1			1			1			1.0
120089			0			1			0			1.0
120422			0			1			0			1.0
120670			0			1			0			1.0
121088			0			1			0			1.0
121421			0			1			0			1.0
122087			0			1			0			1.0
122420			0			1			0			1.0
123086			0			1			0			1.0
125084			1			1			1			1.0
127082			1			1			1			1.0
129080			1			1			1			1.0
140779			0			1			0			1.0
142777			1			1			1			1.0
143139			0			1			0			1.0
143776			0			1			0			1.0
144499			1			1			1			1.0
144775			0			1			0			1.0
145498			1			1			1			1.0
146136			1			1			1			1.0
146773			1			1			1			1.0
147496			1			1			1			1.0
148134			1			1			1			1.0
148771			1			1			1			1.0
149494			1			1			1			1.0
149899			1			1			1			1.0
150493			1			1			1			1.0
151131			1			1			1			1.0
151897			1			1			1			1.0
152491			1			1			1			1.0
153490			1			1			1			1.0
154894			1			1			1			1.0
156892			1			1			1			1.0
158890			1			1			1			1.0
164358			1			1			1			1.0
166356			1			1			1			1.0
168354			1			1			1			1.0
170352			1			1			1			1.0
172350			1			1			1			1.0
180868			1			1			1			1.0
182409			1			1			1			1.0
183408			1			1			1			1.0
184407			1			1			1			1.0
185406			1			1			1			1.0
186405			1			1			1			1.0
187404			1			1			1			1.0
187861			1			1			1			1.0
189309			3			1			3			1.0
189827			1			1			1			1.0
190399			1			1			1			1.0
190826			1			1			1			1.0
191398			1			1			1			1.0
191825			1			1			1			1.0
192397			1			1			1			1.0
193305			1			1			1			1.0
193823			1			1			1			1.0
194395			1			1			1			1.0
194822			1			1			1			1.0
195394			1			1			1			1.0
195821			1			1			1			1.0
196393			1			1			1			1.0
196820			1			1			1			1.0
197392			1			1			1			1.0
198300			1			1			1			1.0
198585			1			1			1			1.0
199778			3			1			3			1.0
