172293			0			1			0			1.0
395748			1			1			1			1.0
1007491			0			1			0			1.0
1130470			0			1			0			1.0
1189060			0			1			0			1.0
1862211			0			1			0			1.0
1876867			0			1			0			1.0
2299622			2			1			2			1.0
2351236			0			1			0			1.0
2539520			0			1			0			1.0
2806820			0			1			0			1.0
3261699			0			1			0			1.0
3398051			0			1			0			1.0
3612357			0			1			0			1.0
3926817			1			1			1			1.0
3995043			1			1			1			1.0
4378085			1			1			1			1.0
4628550			0			1			0			1.0
4745156			0			1			0			1.0
4757190			0			1			0			1.0
4840867			0			1			0			1.0
5008451			0			1			0			1.0
5417187			0			1			0			1.0
5421959			0			1			0			1.0
5980518			0			1			0			1.0
