7                               0                               1                               0                               1                               
32                              2                               1                               2                               1                               
64                              3                               1                               3                               1                               
108                             3                               1                               3                               1                               
147                             3                               1                               3                               1                               
234                             3                               1                               3                               1                               
266                             3                               1                               3                               1                               
318                             3                               1                               3                               1                               
389                             3                               1                               3                               1                               
448                             7                               1                               7                               1                               
506                             3                               1                               3                               1                               
562                             1                               1                               1                               1                               
595                             3                               1                               3                               1                               
615                             3                               1                               3                               1                               
634                             3                               1                               3                               1                               
667                             1                               1                               1                               1                               
787                             3                               1                               3                               1                               
866                             3                               1                               3                               1                               
942                             3                               1                               3                               1                               
1073                            3                               1                               3                               1                               
1142                            7                               1                               7                               1                               
1215                            3                               1                               3                               1                               
1300                            3                               1                               3                               1                               
1339                            3                               1                               3                               1                               
1381                            3                               1                               3                               1                               
1401                            3                               1                               3                               1                               
1421                            1                               1                               1                               1                               
1480                            3                               1                               3                               1                               
1488                            1                               1                               1                               1                               
1512                            3                               1                               3                               1                               
1566                            3                               1                               3                               1                               
1594                            3                               1                               3                               1                               
1646                            3                               1                               3                               1                               
1721                            3                               1                               3                               1                               
1787                            3                               1                               3                               1                               
1826                            3                               1                               3                               1                               
1891                            3                               1                               3                               1                               
1934                            3                               1                               3                               1                               
1998                            5                               1                               5                               1                               
2103                            3                               1                               3                               1                               
2149                            3                               1                               3                               1                               
2166                            1                               1                               1                               1                               
2257                            3                               1                               3                               1                               
2318                            3                               1                               3                               1                               
2406                            3                               1                               3                               1                               
2524                            3                               1                               3                               1                               
2558                            3                               1                               3                               1                               
2608                            3                               1                               3                               1                               
2723                            5                               1                               5                               1                               
2787                            3                               1                               3                               1                               
2845                            3                               1                               3                               1                               
2876                            3                               1                               3                               1                               
3002                            7                               1                               7                               1                               
3082                            3                               1                               3                               1                               
3126                            3                               1                               3                               1                               
3139                            3                               1                               3                               1                               
3214                            3                               1                               3                               1                               
3240                            3                               1                               3                               1                               
3274                            3                               1                               3                               1                               
3347                            5                               1                               5                               1                               
3379                            3                               1                               3                               1                               
3427                            3                               1                               3                               1                               
3474                            3                               1                               3                               1                               
3544                            7                               1                               7                               1                               
3614                            5                               1                               5                               1                               
3632                            3                               1                               3                               1                               
3641                            1                               1                               1                               1                               
3673                            3                               1                               3                               1                               
3757                            7                               1                               7                               1                               
3814                            3                               1                               3                               1                               
3845                            3                               1                               3                               1                               
3895                            3                               1                               3                               1                               
3927                            3                               1                               3                               1                               
3932                            1                               1                               1                               1                               
3980                            7                               1                               7                               1                               
4017                            3                               1                               3                               1                               
4031                            1                               1                               1                               1                               
4121                            3                               1                               3                               1                               
4258                            5                               1                               5                               1                               
4320                            3                               1                               3                               1                               
4411                            3                               1                               3                               1                               
4461                            3                               1                               3                               1                               
4491                            3                               1                               3                               1                               
4528                            3                               1                               3                               1                               
4568                            1                               1                               1                               1                               
4634                            7                               1                               7                               1                               
4691                            3                               1                               3                               1                               
4747                            7                               1                               7                               1                               
4817                            3                               1                               3                               1                               
4839                            3                               1                               3                               1                               
4852                            1                               1                               1                               1                               
4923                            3                               1                               3                               1                               
4965                            1                               1                               1                               1                               
5046                            3                               1                               3                               1                               
5090                            3                               1                               3                               1                               
5146                            4                               1                               4                               1                               
5225                            3                               1                               3                               1                               
5293                            3                               1                               3                               1                               
5359                            3                               1                               3                               1                               
5400                            3                               1                               3                               1                               
5410                            3                               1                               3                               1                               
5458                            3                               1                               3                               1                               
5523                            3                               1                               3                               1                               
5580                            3                               1                               3                               1                               
5594                            3                               1                               3                               1                               
5617                            3                               1                               3                               1                               
5726                            7                               1                               7                               1                               
5757                            3                               1                               3                               1                               
5834                            3                               1                               3                               1                               
5865                            3                               1                               3                               1                               
5893                            3                               1                               3                               1                               
5950                            3                               1                               3                               1                               
5982                            3                               1                               3                               1                               
6057                            3                               1                               3                               1                               
6077                            3                               1                               3                               1                               
6137                            3                               1                               3                               1                               
6187                            3                               1                               3                               1                               
6220                            3                               1                               3                               1                               
6287                            3                               1                               3                               1                               
6298                            3                               1                               3                               1                               
6425                            7                               1                               7                               1                               
6459                            3                               1                               3                               1                               
6495                            3                               1                               3                               1                               
6525                            3                               1                               3                               1                               
6616                            7                               1                               7                               1                               
6647                            3                               1                               3                               1                               
6699                            3                               1                               3                               1                               
6832                            7                               1                               7                               1                               
6903                            3                               1                               3                               1                               
6921                            3                               1                               3                               1                               
6954                            3                               1                               3                               1                               
7012                            3                               1                               3                               1                               
7117                            3                               1                               3                               1                               
7154                            3                               1                               3                               1                               
7230                            3                               1                               3                               1                               
7240                            3                               1                               3                               1                               
7343                            3                               1                               3                               1                               
7372                            3                               1                               3                               1                               
7407                            3                               1                               3                               1                               
7463                            3                               1                               3                               1                               
7479                            3                               1                               3                               1                               
7543                            3                               1                               3                               1                               
7585                            3                               1                               3                               1                               
7629                            3                               1                               3                               1                               
7669                            3                               1                               3                               1                               
7704                            3                               1                               3                               1                               
7742                            3                               1                               3                               1                               
7794                            3                               1                               3                               1                               
7849                            3                               1                               3                               1                               
8003                            3                               1                               3                               1                               
8038                            3                               1                               3                               1                               
8068                            3                               1                               3                               1                               
8265                            7                               1                               7                               1                               
8348                            3                               1                               3                               1                               
8369                            3                               1                               3                               1                               
8450                            3                               1                               3                               1                               
8494                            3                               1                               3                               1                               
8585                            3                               1                               3                               1                               
8617                            3                               1                               3                               1                               
8660                            3                               1                               3                               1                               
8700                            3                               1                               3                               1                               
8790                            3                               1                               3                               1                               
8849                            3                               1                               3                               1                               
8901                            3                               1                               3                               1                               
8931                            3                               1                               3                               1                               
8961                            3                               1                               3                               1                               
8986                            3                               1                               3                               1                               
9077                            3                               1                               3                               1                               
9097                            3                               1                               3                               1                               
9146                            3                               1                               3                               1                               
9178                            3                               1                               3                               1                               
9212                            3                               1                               3                               1                               
9260                            3                               1                               3                               1                               
9289                            3                               1                               3                               1                               
9383                            3                               1                               3                               1                               
9408                            3                               1                               3                               1                               
9465                            3                               1                               3                               1                               
9545                            3                               1                               3                               1                               
9575                            3                               1                               3                               1                               
9641                            3                               1                               3                               1                               
9678                            3                               1                               3                               1                               
9744                            4                               1                               4                               1                               
9827                            5                               1                               5                               1                               
9918                            5                               1                               5                               1                               
9957                            3                               1                               3                               1                               
9959                            0                               1                               0                               1                               