29                              0                               1                               0                               1                               
75                              3                               1                               2                               1.5                             
156                             7                               1                               7                               1                               
182                             4                               2                               4                               1                               
257                             7                               1                               7                               1                               
270                             3                               2                               3                               1                               
351                             10                              1                               10                              1                               
415                             7                               1                               7                               1                               
446                             7                               1                               7                               1                               
505                             7                               1                               7                               1                               
581                             6                               2                               6                               1                               
596                             4                               2                               4                               1                               
684                             7                               1                               7                               1                               
772                             7                               1                               7                               1                               
842                             7                               1                               7                               1                               
882                             6                               2                               6                               1                               
942                             6                               2                               5                               1.2                             
1030                            7                               1                               7                               1                               
1055                            5                               1                               5                               1                               
1088                            4                               1                               4                               1                               
1165                            9                               1                               9                               1                               
1232                            5                               1                               5                               1                               
1269                            7                               2                               7                               1                               
1291                            3                               2                               3                               1                               
1385                            7                               1                               7                               1                               
1455                            7                               1                               7                               1                               
1554                            7                               1                               7                               1                               
1594                            8                               3                               8                               1                               
1637                            5                               3                               5                               1                               
1666                            2                               1                               2                               1                               
1707                            6                               2                               6                               1                               
1732                            4                               3                               4                               1                               
1767                            4                               2                               4                               1                               
1863                            11                              1                               11                              1                               
1908                            4                               2                               4                               1                               
1925                            3                               1                               3                               1                               
1990                            5                               2                               5                               1                               
2057                            7                               2                               7                               1                               
2119                            7                               1                               7                               1                               
2210                            5                               1                               5                               1                               
2281                            7                               1                               7                               1                               
2331                            4                               1                               3                               1.333333                        
2366                            3                               1                               3                               1                               
2480                            5                               1                               5                               1                               
2520                            5                               1                               5                               1                               
2546                            3                               1                               3                               1                               
2601                            6                               2                               6                               1                               
2623                            3                               1                               3                               1                               
2693                            5                               2                               5                               1                               
2765                            4                               2                               4                               1                               
2814                            5                               1                               5                               1                               
2899                            11                              2                               11                              1                               
2997                            7                               1                               6                               1.166667                        
3061                            4                               2                               4                               1                               
3144                            5                               1                               5                               1                               
3187                            5                               2                               5                               1                               
3217                            3                               2                               3                               1                               
3249                            7                               1                               7                               1                               
3268                            3                               1                               3                               1                               
3303                            5                               1                               5                               1                               
3357                            5                               1                               5                               1                               
3388                            2                               2                               2                               1                               
3441                            5                               1                               5                               1                               
3479                            5                               1                               5                               1                               
3553                            8                               1                               8                               1                               
3599                            5                               1                               5                               1                               
3644                            5                               1                               5                               1                               
3673                            3                               2                               3                               1                               
3767                            9                               2                               9                               1                               
3865                            7                               1                               7                               1                               
3930                            6                               1                               5                               1.2                             
3978                            3                               1                               3                               1                               
4019                            6                               2                               6                               1                               
4116                            7                               1                               7                               1                               
4138                            6                               1                               5                               1.2                             
4157                            3                               1                               3                               1                               
4223                            6                               2                               5                               1.2                             
4315                            7                               1                               7                               1                               
4339                            3                               1                               3                               1                               
4373                            5                               2                               5                               1                               
4389                            3                               2                               3                               1                               
4432                            3                               1                               3                               1                               
4488                            6                               1                               5                               1.2                             
4635                            15                              1                               15                              1                               
4674                            3                               1                               3                               1                               
4710                            7                               1                               7                               1                               
4769                            7                               1                               7                               1                               
4801                            6                               2                               6                               1                               
4861                            7                               1                               7                               1                               
4890                            7                               1                               7                               1                               
4953                            7                               1                               7                               1                               
5041                            15                              1                               15                              1                               
5067                            3                               1                               3                               1                               
5120                            6                               2                               6                               1                               
5152                            7                               2                               7                               1                               
5178                            6                               2                               6                               1                               
5242                            3                               1                               3                               1                               
5289                            5                               2                               5                               1                               
5358                            7                               2                               7                               1                               
5433                            6                               2                               6                               1                               
5487                            6                               2                               6                               1                               
5527                            6                               1                               5                               1.2                             
5559                            3                               1                               3                               1                               
5575                            5                               1                               3                               1.666667                        
5639                            7                               1                               7                               1                               
5683                            3                               2                               3                               1                               
5745                            4                               1                               4                               1                               
5833                            6                               2                               5                               1.2                             
5853                            3                               1                               2                               1.5                             
5903                            4                               1                               4                               1                               
5931                            4                               1                               4                               1                               
5979                            4                               1                               4                               1                               
6006                            3                               2                               2                               1.5                             
6035                            4                               1                               4                               1                               
6078                            5                               1                               5                               1                               
6107                            5                               1                               5                               1                               
6143                            5                               1                               5                               1                               
6231                            11                              1                               11                              1                               
6274                            5                               1                               5                               1                               
6339                            5                               1                               5                               1                               
6396                            4                               2                               4                               1                               
6438                            5                               1                               5                               1                               
6452                            4                               2                               4                               1                               
6478                            4                               1                               3                               1.333333                        
6514                            5                               1                               5                               1                               
6543                            3                               2                               3                               1                               
6616                            5                               1                               5                               1                               
6663                            5                               1                               5                               1                               
6709                            4                               2                               4                               1                               
6727                            4                               1                               2                               2                               
6774                            5                               1                               5                               1                               
6799                            4                               2                               4                               1                               
6832                            5                               1                               5                               1                               
6889                            5                               1                               5                               1                               
6907                            3                               2                               3                               1                               
6959                            3                               2                               3                               1                               
6989                            5                               1                               5                               1                               
7025                            5                               2                               5                               1                               
7151                            6                               1                               6                               1                               
7187                            6                               1                               6                               1                               
7235                            6                               1                               6                               1                               
7298                            12                              3                               11                              1.090909                        
7355                            6                               1                               6                               1                               
7394                            6                               1                               6                               1                               
7431                            6                               1                               6                               1                               
7470                            5                               1                               4                               1.25                            
7632                            20                              1                               20                              1                               
7686                            6                               2                               6                               1                               
7715                            5                               1                               3                               1.666667                        
7782                            6                               1                               6                               1                               
7829                            6                               1                               5                               1.2                             
7862                            6                               2                               5                               1.2                             
7928                            6                               2                               5                               1.2                             
8007                            7                               1                               7                               1                               
8102                            6                               1                               5                               1.2                             
8155                            7                               1                               7                               1                               
8254                            7                               1                               7                               1                               
8317                            7                               1                               7                               1                               
8397                            15                              1                               15                              1                               
8451                            6                               1                               5                               1.2                             
8508                            7                               1                               7                               1                               
8712                            15                              1                               15                              1                               
8792                            7                               1                               7                               1                               
8875                            7                               1                               7                               1                               
8890                            5                               2                               4                               1.25                            
8956                            7                               1                               7                               1                               
8985                            6                               2                               5                               1.2                             
9060                            7                               1                               7                               1                               
9096                            7                               1                               7                               1                               
9209                            7                               1                               7                               1                               
9340                            23                              1                               22                              1.045455                        
9468                            15                              1                               15                              1                               
9534                            7                               1                               7                               1                               
9624                            6                               1                               5                               1.2                             
9666                            7                               1                               7                               1                               
9724                            7                               1                               7                               1                               
9812                            7                               1                               7                               1                               
9872                            7                               1                               7                               1                               
9905                            6                               1                               5                               1.2                             
9951                            7                               1                               7                               1                               
9964                            2                               2                               2                               1                               
9992                            0                               1                               0                               1                               