5222                            0                               10                              0                               1                               
46087                           60                              10                              6                               10                              
70112                           30                              10                              3                               10                              
84260                           30                              10                              3                               10                              
112896                          50                              10                              5                               10                              
172293                          50                              10                              5                               10                              
205222                          30                              10                              3                               10                              
223015                          50                              10                              5                               10                              
241088                          30                              10                              3                               10                              
284228                          47                              10                              5                               9.4                             
314245                          30                              10                              3                               10                              
351684                          30                              10                              3                               10                              
365444                          30                              10                              3                               10                              
386528                          30                              10                              3                               10                              
410752                          40                              10                              5                               8                               
427521                          50                              10                              5                               10                              
462501                          50                              10                              5                               10                              
490499                          30                              10                              3                               10                              
492134                          30                              10                              3                               10                              
559041                          50                              10                              5                               10                              
584448                          40                              10                              4                               10                              
655782                          70                              10                              7                               10                              
679076                          26                              10                              3                               8.666667                        
702503                          30                              10                              3                               10                              
795428                          90                              10                              9                               10                              
814437                          44                              10                              5                               8.8                             
844166                          30                              10                              3                               10                              
882241                          30                              10                              3                               10                              
899718                          26                              10                              3                               8.666667                        
929638                          30                              10                              3                               10                              
948834                          49                              10                              5                               9.8                             
985828                          58                              10                              6                               9.666667                        
1007491                         48                              10                              6                               8                               
1041476                         30                              10                              3                               10                              
1079488                         30                              10                              3                               10                              
1096164                         30                              10                              3                               10                              
1120678                         30                              10                              3                               10                              
1143011                         37                              10                              4                               9.25                            
1194977                         30                              10                              3                               10                              
1229319                         52                              10                              6                               8.666667                        
1285538                         30                              10                              3                               10                              
1337379                         49                              10                              6                               8.166667                        
1373446                         34                              10                              4                               8.5                             
1420481                         50                              10                              5                               10                              
1451334                         30                              10                              3                               10                              
1476325                         56                              10                              6                               9.333333                        
1502757                         30                              10                              3                               10                              
1560610                         45                              10                              5                               9                               
1571780                         30                              10                              3                               10                              
1575713                         23                              10                              3                               7.666667                        
1607042                         30                              10                              3                               10                              
1636480                         33                              10                              4                               8.25                            
1670529                         70                              10                              7                               10                              
1687815                         19                              10                              2                               9.5                             
1758726                         90                              10                              9                               10                              
1772709                         30                              10                              3                               10                              
1787557                         30                              10                              3                               10                              
1800070                         30                              10                              3                               10                              
1835520                         30                              10                              3                               10                              
1907969                         91                              10                              10                              9.1                             
1936165                         70                              10                              7                               10                              
1954211                         30                              10                              3                               10                              
2082565                         108                             10                              11                              9.818182                        
2092935                         30                              10                              3                               10                              
2119298                         30                              10                              3                               10                              
2192933                         50                              10                              5                               10                              
2214375                         30                              10                              3                               10                              
2236932                         44                              10                              5                               8.8                             
2292865                         90                              10                              9                               10                              
2331876                         50                              10                              5                               10                              
2357925                         30                              10                              3                               10                              
2427457                         33                              10                              4                               8.25                            
2459555                         29                              10                              3                               9.666667                        
2471009                         30                              10                              3                               10                              
2508035                         30                              10                              3                               10                              
2539520                         30                              10                              3                               10                              
2567296                         30                              10                              3                               10                              
2581638                         30                              10                              3                               10                              
2633123                         30                              10                              3                               10                              
2669508                         20                              10                              2                               10                              
2706567                         43                              10                              5                               8.6                             
2731207                         50                              10                              5                               10                              
2843782                         170                             10                              17                              10                              
2898500                         50                              10                              5                               10                              
2913094                         50                              10                              5                               10                              
2969344                         57                              10                              6                               9.5                             
2989607                         30                              10                              3                               10                              
3009287                         23                              9                               3                               7.666667                        
3053122                         30                              7                               3                               10                              
3075942                         30                              10                              3                               10                              
3109569                         25                              10                              3                               8.333333                        
3127649                         30                              10                              3                               10                              
3149059                         30                              10                              3                               10                              
3197125                         70                              10                              7                               10                              
3206914                         30                              10                              3                               10                              
3214144                         20                              10                              1                               20                              
3233989                         30                              10                              3                               10                              
3252838                         30                              10                              3                               10                              
3276323                         30                              10                              3                               10                              
3303938                         30                              10                              3                               10                              
3328160                         30                              10                              3                               10                              
3352325                         30                              10                              3                               10                              
3366499                         30                              10                              3                               10                              
3387909                         28                              10                              3                               9.333333                        
3412068                         30                              10                              3                               10                              
3450150                         30                              10                              3                               10                              
3483847                         30                              10                              3                               10                              
3513572                         70                              10                              7                               10                              
3553953                         30                              10                              3                               10                              
3580071                         30                              10                              3                               10                              
3611235                         30                              10                              3                               10                              
3619719                         30                              10                              3                               10                              
3650496                         55                              10                              7                               7.857143                        
3707270                         30                              10                              3                               10                              
3740325                         30                              10                              3                               10                              
3762533                         30                              10                              3                               10                              
3790086                         30                              10                              3                               10                              
3801632                         30                              10                              3                               10                              
3822502                         30                              10                              3                               10                              
3835623                         30                              10                              3                               10                              
3852615                         30                              10                              3                               10                              
3870144                         30                              10                              3                               10                              
3920484                         30                              10                              3                               10                              
3927744                         30                              10                              3                               10                              
3949859                         30                              10                              3                               10                              
3964098                         30                              10                              3                               10                              
3984423                         28                              10                              3                               9.333333                        
4000775                         21                              10                              3                               7                               
4036259                         30                              10                              3                               10                              
4097889                         21                              10                              3                               7                               
4116836                         30                              10                              3                               10                              
4159367                         70                              10                              7                               10                              
4195169                         30                              10                              3                               10                              
4200389                         30                              5                               3                               10                              
4224195                         27                              10                              3                               9                               
4253476                         30                              10                              3                               10                              
4303490                         30                              10                              3                               10                              
4330178                         30                              10                              3                               10                              
4386791                         27                              10                              3                               9                               
4399394                         30                              10                              3                               10                              
4424544                         27                              10                              3                               9                               
4459015                         30                              10                              3                               10                              
4471362                         30                              10                              3                               10                              
4495489                         30                              10                              3                               10                              
4541856                         30                              10                              3                               10                              
4556866                         27                              10                              3                               9                               
4571968                         30                              10                              3                               10                              
4626528                         31                              10                              4                               7.75                            
4640965                         30                              10                              3                               10                              
4680066                         30                              10                              3                               10                              
4704483                         40                              4                               4                               10                              
4732609                         40                              10                              4                               10                              
4762659                         90                              10                              9                               10                              
4779522                         40                              10                              4                               10                              
4807171                         40                              10                              4                               10                              
4844481                         40                              10                              5                               8                               
4878662                         40                              10                              4                               10                              
4923329                         45                              10                              5                               9                               
4969924                         40                              10                              4                               10                              
5008451                         47                              10                              5                               9.4                             
5041348                         40                              10                              4                               10                              
5130661                         110                             10                              11                              10                              
5173379                         45                              10                              5                               9                               
5228225                         50                              10                              5                               10                              
5263812                         43                              10                              5                               8.6                             
5299782                         42                              10                              5                               8.4                             
5328647                         50                              10                              5                               10                              
5364193                         50                              10                              5                               10                              
5412352                         50                              10                              5                               10                              
5437765                         45                              10                              6                               7.5                             
5477991                         50                              10                              5                               10                              
5516130                         50                              5                               5                               10                              
5570118                         41                              10                              5                               8.2                             
5596963                         42                              10                              5                               8.4                             
5637441                         50                              10                              5                               10                              
5708928                         50                              10                              5                               10                              
5769157                         48                              10                              7                               6.857143                        
5850817                         108                             10                              11                              9.818182                        
5922656                         43                              10                              5                               8.6                             
5949894                         50                              10                              5                               10                              
5976551                         50                              10                              5                               10                              
5991077                         20                              10                              2                               10                              
5999809                         0                               10                              0                               1                               