12			0			1			0			1.0
791			10			1			10			1.0
2004			7			1			7			1.0
3142			7			1			7			1.0
3326			3			1			3			1.0
4388			7			1			7			1.0
5322			3			1			3			1.0
5728			3			1			3			1.0
6586			3			1			3			1.0
7036			3			1			3			1.0
7409			3			1			3			1.0
7814			3			1			3			1.0
8728			3			1			3			1.0
9823			7			1			7			1.0
10540			3			1			3			1.0
11169			3			1			3			1.0
12381			7			1			7			1.0
12963			3			1			3			1.0
13348			3			1			3			1.0
13707			5			1			5			1.0
14322			5			1			5			1.0
15029			3			1			3			1.0
15714			3			1			3			1.0
15838			3			1			3			1.0
17106			7			1			7			1.0
18425			7			1			7			1.0
19198			7			1			7			1.0
20076			5			1			5			1.0
20617			5			1			5			1.0
22045			11			1			11			1.0
22779			7			1			7			1.0
23306			3			1			3			1.0
23493			3			1			3			1.0
25276			5			1			5			1.0
25743			3			1			3			1.0
26033			3			1			3			1.0
26860			7			1			7			1.0
27448			7			1			7			1.0
27893			7			1			7			1.0
28578			7			1			7			1.0
29720			7			1			7			1.0
30806			5			1			5			1.0
31104			7			1			7			1.0
32064			3			1			3			1.0
32394			5			1			5			1.0
33029			3			1			3			1.0
34083			5			1			5			1.0
34706			7			1			7			1.0
35300			3			1			3			1.0
35963			3			1			3			1.0
36232			3			1			3			1.0
36955			3			1			3			1.0
37786			3			1			3			1.0
38729			5			1			5			1.0
38981			3			1			3			1.0
40673			9			1			9			1.0
41929			5			1			5			1.0
42437			3			1			3			1.0
42981			7			1			7			1.0
43272			3			1			3			1.0
44495			5			1			5			1.0
44841			3			1			3			1.0
45011			3			1			3			1.0
45336			3			1			3			1.0
45691			3			1			3			1.0
45922			3			1			3			1.0
46999			3			1			3			1.0
47136			3			1			3			1.0
47953			5			1			5			1.0
48556			5			1			5			1.0
48931			3			1			3			1.0
50004			5			1			5			1.0
50732			3			1			3			1.0
51462			7			1			7			1.0
52222			3			1			3			1.0
53589			3			1			3			1.0
54893			7			1			7			1.0
55574			3			1			3			1.0
56271			7			1			7			1.0
57459			11			1			11			1.0
57727			3			1			3			1.0
58455			7			1			7			1.0
59160			7			1			7			1.0
59553			3			1			3			1.0
60437			7			1			7			1.0
60567			3			1			3			1.0
61326			7			1			7			1.0
62237			7			1			7			1.0
63235			3			1			3			1.0
64203			7			1			7			1.0
65310			7			1			7			1.0
66400			7			1			7			1.0
66997			7			1			7			1.0
67895			7			1			7			1.0
69582			11			1			11			1.0
70190			7			1			7			1.0
71254			7			1			7			1.0
72033			7			1			7			1.0
73671			7			1			7			1.0
74559			7			1			7			1.0
75391			3			1			3			1.0
76704			3			1			3			1.0
77389			3			1			3			1.0
78214			3			1			3			1.0
78375			3			1			3			1.0
78916			7			1			7			1.0
79338			3			1			3			1.0
80229			7			1			7			1.0
80519			3			1			3			1.0
80885			3			1			3			1.0
81341			3			1			3			1.0
82959			7			1			7			1.0
83689			3			1			3			1.0
84036			3			1			3			1.0
84602			3			1			3			1.0
84883			3			1			3			1.0
85478			3			1			3			1.0
86246			3			1			3			1.0
87175			7			1			7			1.0
87460			3			1			3			1.0
88356			7			1			7			1.0
88919			3			1			3			1.0
89978			3			1			3			1.0
90079			3			1			3			1.0
90751			3			1			3			1.0
92793			11			1			11			1.0
92940			3			1			3			1.0
93435			7			1			7			1.0
94473			11			1			11			1.0
95342			7			1			7			1.0
95615			5			1			5			1.0
96134			5			1			5			1.0
97497			11			1			11			1.0
98224			5			1			5			1.0
99218			5			1			5			1.0
99805			5			1			5			1.0
100969			5			1			5			1.0
101702			5			1			5			1.0
101996			5			1			5			1.0
102528			5			1			5			1.0
103051			5			1			5			1.0
104181			5			1			5			1.0
104751			5			1			5			1.0
105334			5			1			5			1.0
106616			7			1			7			1.0
108860			15			1			15			1.0
109920			7			1			7			1.0
110988			7			1			7			1.0
111612			7			1			7			1.0
112279			7			1			7			1.0
115539			15			1			15			1.0
117629			15			1			15			1.0
119066			7			1			7			1.0
119755			7			1			7			1.0
121137			7			1			7			1.0
122600			7			1			7			1.0
123430			7			1			7			1.0
124753			7			1			7			1.0
125544			7			1			7			1.0
126559			7			1			7			1.0
127860			7			1			7			1.0
128356			7			1			7			1.0
129145			7			1			7			1.0
132193			15			1			15			1.0
134053			7			1			7			1.0
134713			7			1			7			1.0
135054			7			1			7			1.0
135721			7			1			7			1.0
136372			7			1			7			1.0
137686			7			1			7			1.0
138527			7			1			7			1.0
139539			7			1			7			1.0
140669			7			1			7			1.0
142233			7			1			7			1.0
143828			15			1			15			1.0
144317			7			1			7			1.0
145720			7			1			7			1.0
146737			7			1			7			1.0
148147			15			1			15			1.0
148863			7			1			7			1.0
149727			7			1			7			1.0
149802			0			1			0			1.0
