4			0			1			0			1.0
557188			13766			1			13766			1.0
868486			7582			1			7582			1.0
887395			511			1			511			1.0
1033764			3583			1			3583			1.0
1112066			1791			1			1791			1.0
1564737			11213			1			11213			1.0
2008165			10751			1			10751			1.0
2037828			767			1			767			1.0
2680261			15783			1			15783			1.0
2746087			1535			1			1535			1.0
2837248			2303			1			2303			1.0
2932418			2303			1			2303			1.0
3255362			7804			1			7804			1.0
3274403			511			1			511			1.0
3452292			4351			1			4351			1.0
3517094			1535			1			1535			1.0
3764419			6064			1			6064			1.0
3783367			511			1			511			1.0
4116899			8191			1			8191			1.0
4502915			9413			1			9413			1.0
4629346			3071			1			3071			1.0
4783269			3839			1			3839			1.0
4827300			1023			1			1023			1.0
5022818			4863			1			4863			1.0
5318978			7082			1			7082			1.0
5533152			5375			1			5375			1.0
5610243			1791			1			1791			1.0
5634208			511			1			511			1.0
5841952			5119			1			5119			1.0
5999972			3793			1			3793			1.0
