638			0			1			0			1.0
3188			0			1			0			1.0
6355			0			1			0			1.0
7969			0			1			0			1.0
8086			0			1			0			1.0
14461			0			1			0			1.0
17243			1			1			1			1.0
19516			0			1			0			1.0
19729			0			1			0			1.0
23749			0			1			0			1.0
25942			0			1			0			1.0
30223			0			1			0			1.0
32782			0			1			0			1.0
35980			1			1			1			1.0
36817			0			1			0			1.0
37978			0			1			0			1.0
38411			0			1			0			1.0
40099			0			1			0			1.0
41062			0			1			0			1.0
43951			0			1			0			1.0
45134			0			1			0			1.0
46010			0			1			0			1.0
50816			0			1			0			1.0
51301			0			1			0			1.0
51478			0			1			0			1.0
52330			0			1			0			1.0
52877			0			1			0			1.0
54040			0			1			0			1.0
56966			0			1			0			1.0
62504			0			1			0			1.0
62545			0			1			0			1.0
63559			0			1			0			1.0
63586			0			1			0			1.0
64430			0			1			0			1.0
69785			0			1			0			1.0
70981			0			1			0			1.0
71305			0			1			0			1.0
71395			1			1			1			1.0
72683			0			1			0			1.0
79334			0			1			0			1.0
83825			0			1			0			1.0
86120			0			1			0			1.0
90571			0			1			0			1.0
93982			0			1			0			1.0
100342			0			1			0			1.0
101353			1			1			1			1.0
102433			0			1			0			1.0
102601			0			1			0			1.0
102637			0			1			0			1.0
103276			0			1			0			1.0
104315			0			1			0			1.0
106040			0			1			0			1.0
107119			0			1			0			1.0
109627			0			1			0			1.0
110324			0			1			0			1.0
114995			0			1			0			1.0
116291			0			1			0			1.0
124771			1			1			1			1.0
126898			0			1			0			1.0
132299			0			1			0			1.0
134233			0			1			0			1.0
134956			0			1			0			1.0
136658			0			1			0			1.0
137128			0			1			0			1.0
139367			0			1			0			1.0
139546			0			1			0			1.0
144674			0			1			0			1.0
144970			0			1			0			1.0
146098			0			1			0			1.0
