5			0			1			0			1.0
686			94			1			94			1.0
1622			103			1			103			1.0
2080			63			1			63			1.0
3130			127			1			127			1.0
8375			671			1			671			1.0
9722			159			1			159			1.0
11698			287			1			287			1.0
14080			319			1			319			1.0
14603			63			1			63			1.0
16406			255			1			255			1.0
17438			127			1			127			1.0
17804			63			1			63			1.0
19376			223			1			223			1.0
20137			95			1			95			1.0
20794			95			1			95			1.0
25570			639			1			639			1.0
26414			127			1			127			1.0
27112			95			1			95			1.0
27916			127			1			127			1.0
29495			223			1			223			1.0
30239			95			1			95			1.0
31373			159			1			159			1.0
32155			95			1			95			1.0
32839			95			1			95			1.0
35551			351			1			351			1.0
36125			63			1			63			1.0
37355			159			1			159			1.0
38155			95			1			95			1.0
39755			223			1			223			1.0
40277			63			1			63			1.0
40733			63			1			63			1.0
41512			127			1			127			1.0
42658			159			1			159			1.0
43955			159			1			159			1.0
44594			95			1			95			1.0
47728			415			1			415			1.0
49780			255			1			255			1.0
50189			63			1			63			1.0
51269			127			1			127			1.0
51728			63			1			63			1.0
55961			575			1			575			1.0
56494			63			1			63			1.0
57419			127			1			127			1.0
57943			63			1			63			1.0
58517			63			1			63			1.0
58942			63			1			63			1.0
59888			127			1			127			1.0
60413			63			1			63			1.0
64904			639			1			639			1.0
65452			63			1			63			1.0
70436			703			1			703			1.0
73277			383			1			383			1.0
74324			127			1			127			1.0
76559			319			1			319			1.0
77573			127			1			127			1.0
78139			63			1			63			1.0
79043			127			1			127			1.0
79645			63			1			63			1.0
81101			191			1			191			1.0
81533			63			1			63			1.0
84490			383			1			383			1.0
85238			127			1			127			1.0
85705			63			1			63			1.0
86825			127			1			127			1.0
89626			383			1			383			1.0
90485			95			1			95			1.0
92758			287			1			287			1.0
93446			95			1			95			1.0
96952			479			1			479			1.0
97600			95			1			95			1.0
98344			95			1			95			1.0
99572			191			1			191			1.0
100342			95			1			95			1.0
101191			95			1			95			1.0
103367			287			1			287			1.0
106516			383			1			383			1.0
108781			319			1			319			1.0
111872			383			1			383			1.0
113684			255			1			255			1.0
116666			383			1			383			1.0
120358			511			1			511			1.0
122644			255			1			255			1.0
125507			383			1			383			1.0
126725			127			1			127			1.0
129797			383			1			383			1.0
130679			127			1			127			1.0
131684			127			1			127			1.0
133451			255			1			255			1.0
136615			383			1			383			1.0
140318			511			1			511			1.0
142295			255			1			255			1.0
143167			127			1			127			1.0
144181			127			1			127			1.0
145063			127			1			127			1.0
148988			511			1			511			1.0
149879			127			1			127			1.0
149984			7			1			7			1.0
149987			0			1			0			1.0
