41381			0			1			0			1.0
133088			1			1			1			1.0
161218			0			1			0			1.0
206628			0			1			0			1.0
316133			0			1			0			1.0
377191			0			1			0			1.0
414049			0			1			0			1.0
577344			0			1			0			1.0
644643			0			1			0			1.0
809765			0			1			0			1.0
814337			0			1			0			1.0
889991			1			1			1			1.0
943749			0			1			0			1.0
1084481			0			1			0			1.0
1084706			0			1			0			1.0
1120678			0			1			0			1.0
1195201			0			1			0			1.0
1347942			0			1			0			1.0
1464039			0			1			0			1.0
1480389			0			1			0			1.0
1638976			0			1			0			1.0
1670529			0			1			0			1.0
1720325			0			1			0			1.0
1800070			0			1			0			1.0
1936165			0			1			0			1.0
2016672			0			1			0			1.0
2255394			0			1			0			1.0
2262887			0			1			0			1.0
2445831			0			1			0			1.0
2687398			0			1			0			1.0
2757153			0			1			0			1.0
2869697			0			1			0			1.0
2899972			0			1			0			1.0
2919681			0			1			0			1.0
2931362			0			1			0			1.0
3149059			0			1			0			1.0
3276323			1			1			1			1.0
3328039			0			1			0			1.0
3366499			0			1			0			1.0
3392932			0			1			0			1.0
3454791			0			1			0			1.0
3647238			0			1			0			1.0
3731138			0			1			0			1.0
3740166			0			1			0			1.0
3835298			0			1			0			1.0
4108675			1			1			1			1.0
4190982			0			1			0			1.0
4369668			0			1			0			1.0
4481317			1			1			1			1.0
4513444			0			1			0			1.0
4689603			0			1			0			1.0
4746528			0			1			0			1.0
4749606			0			1			0			1.0
4757634			0			1			0			1.0
4796356			0			1			0			1.0
4892801			0			1			0			1.0
5038855			0			1			0			1.0
5039972			0			1			0			1.0
5228225			1			1			1			1.0
5266914			0			1			0			1.0
5326215			0			1			0			1.0
5338535			0			1			0			1.0
5493540			0			1			0			1.0
5698247			0			1			0			1.0
5732868			0			1			0			1.0
5922656			0			1			0			1.0
5940390			0			1			0			1.0
5991077			0			1			0			1.0
