1923			0			1			0			1.0
31938			30			1			30			1.0
87680			54			1			54			1.0
218819			128			1			128			1.0
323169			95			1			95			1.0
384899			71			1			71			1.0
483397			87			1			87			1.0
510532			31			1			31			1.0
576037			55			1			55			1.0
616389			39			1			39			1.0
717415			87			1			87			1.0
747426			31			1			31			1.0
772193			23			1			23			1.0
807812			31			1			31			1.0
837767			31			1			31			1.0
885894			31			1			31			1.0
892389			15			1			15			1.0
943584			63			1			63			1.0
1025285			95			1			95			1.0
1043395			23			1			23			1.0
1151525			87			1			87			1.0
1170786			23			1			23			1.0
1202592			55			1			55			1.0
1236871			23			1			23			1.0
1259238			31			1			31			1.0
1280900			23			1			23			1.0
1369446			79			1			79			1.0
1451876			71			1			71			1.0
1513479			39			1			39			1.0
1578596			71			1			71			1.0
1685829			111			1			111			1.0
1766563			63			1			63			1.0
1800931			31			1			31			1.0
1825120			15			1			15			1.0
1848641			31			1			31			1.0
1871139			15			1			15			1.0
1900132			31			1			31			1.0
1940928			31			1			31			1.0
2003168			63			1			63			1.0
2011200			15			1			15			1.0
2036551			31			1			31			1.0
2101958			63			1			63			1.0
2272577			159			1			159			1.0
2324738			63			1			63			1.0
2338208			15			1			15			1.0
2427463			79			1			79			1.0
2457281			31			1			31			1.0
2483237			31			1			31			1.0
2504197			15			1			15			1.0
2570307			63			1			63			1.0
2728741			159			1			159			1.0
2762564			31			1			31			1.0
2789479			31			1			31			1.0
2808803			15			1			15			1.0
2839746			31			1			31			1.0
2874626			31			1			31			1.0
2913863			31			1			31			1.0
2942310			31			1			31			1.0
2963299			15			1			15			1.0
3020037			63			1			63			1.0
3036739			23			1			23			1.0
3063942			23			1			23			1.0
3081088			23			1			23			1.0
3103458			23			1			23			1.0
3157922			47			1			47			1.0
3175075			23			1			23			1.0
3204641			23			1			23			1.0
3224353			23			1			23			1.0
3252676			23			1			23			1.0
3286401			23			1			23			1.0
3327686			47			1			47			1.0
3349667			23			1			23			1.0
3368612			23			1			23			1.0
3398531			23			1			23			1.0
3424071			23			1			23			1.0
3456839			23			1			23			1.0
3491877			23			1			23			1.0
3538273			47			1			47			1.0
3611879			47			1			47			1.0
3680803			63			1			63			1.0
3703424			31			1			31			1.0
3741125			31			1			31			1.0
3783009			31			1			31			1.0
3811973			31			1			31			1.0
3833381			31			1			31			1.0
3898086			63			1			63			1.0
3933922			31			1			31			1.0
3962627			31			1			31			1.0
3987334			31			1			31			1.0
4021249			31			1			31			1.0
4048487			31			1			31			1.0
4086274			31			1			31			1.0
4131426			31			1			31			1.0
4200098			63			1			63			1.0
4236867			31			1			31			1.0
4288897			63			1			63			1.0
4321505			31			1			31			1.0
4487268			159			1			159			1.0
4545060			63			1			63			1.0
4577700			31			1			31			1.0
4652451			63			1			63			1.0
4677382			31			1			31			1.0
4753570			63			1			63			1.0
4782916			31			1			31			1.0
4821957			31			1			31			1.0
4855618			31			1			31			1.0
4883653			31			1			31			1.0
4903367			31			1			31			1.0
4958500			63			1			63			1.0
4993029			31			1			31			1.0
5017250			31			1			31			1.0
5036869			31			1			31			1.0
5072870			31			1			31			1.0
5103523			31			1			31			1.0
5141312			31			1			31			1.0
5172166			31			1			31			1.0
5237572			63			1			63			1.0
5272580			31			1			31			1.0
5296960			31			1			31			1.0
5331911			31			1			31			1.0
5379266			63			1			63			1.0
5410784			31			1			31			1.0
5445348			31			1			31			1.0
5468997			31			1			31			1.0
5523461			63			1			63			1.0
5561792			31			1			31			1.0
5587269			31			1			31			1.0
5660736			63			1			63			1.0
5686497			31			1			31			1.0
5721287			39			1			39			1.0
5872962			159			1			159			1.0
5912866			39			1			39			1.0
5946944			39			1			39			1.0
5991363			39			1			39			1.0
5998435			7			1			7			1.0
5999520			0			1			0			1.0
