247			0			1			0			1.0
4832			10			1			10			1.0
5249			3			1			3			1.0
6830			3			1			3			1.0
7584			3			1			3			1.0
8995			3			1			3			1.0
9805			3			1			3			1.0
11476			3			1			3			1.0
12184			3			1			3			1.0
13424			3			1			3			1.0
16212			9			1			9			1.0
19177			5			1			5			1.0
21819			3			1			3			1.0
23447			7			1			7			1.0
24302			3			1			3			1.0
24729			3			1			3			1.0
25206			3			1			3			1.0
26274			3			1			3			1.0
26727			3			1			3			1.0
28026			3			1			3			1.0
28439			3			1			3			1.0
30274			5			1			5			1.0
31140			5			1			5			1.0
31436			3			1			3			1.0
32838			7			1			7			1.0
33079			3			1			3			1.0
33720			3			1			3			1.0
35432			7			1			7			1.0
35835			3			1			3			1.0
36833			3			1			3			1.0
37699			5			1			5			1.0
38213			3			1			3			1.0
39073			3			1			3			1.0
39539			5			1			5			1.0
41997			3			1			3			1.0
42471			3			1			3			1.0
44135			3			1			3			1.0
45130			3			1			3			1.0
45993			3			1			3			1.0
47531			5			1			5			1.0
50832			7			1			7			1.0
52199			3			1			3			1.0
53649			3			1			3			1.0
55695			3			1			3			1.0
56564			3			1			3			1.0
57378			3			1			3			1.0
58985			3			1			3			1.0
59984			3			1			3			1.0
60357			3			1			3			1.0
61246			3			1			3			1.0
61641			3			1			3			1.0
62853			5			1			5			1.0
63372			3			1			3			1.0
64371			3			1			3			1.0
64631			3			1			3			1.0
66351			3			1			3			1.0
67204			5			1			5			1.0
69077			5			1			5			1.0
70338			3			1			3			1.0
71075			3			1			3			1.0
72336			3			1			3			1.0
73699			3			1			3			1.0
76383			7			1			7			1.0
77266			5			1			5			1.0
77930			3			1			3			1.0
78517			3			1			3			1.0
79413			5			1			5			1.0
81262			9			1			9			1.0
82060			3			1			3			1.0
82519			3			1			3			1.0
83512			3			1			3			1.0
85209			7			1			7			1.0
86515			5			1			5			1.0
88402			3			1			3			1.0
89205			3			1			3			1.0
90000			3			1			3			1.0
90692			3			1			3			1.0
91733			3			1			3			1.0
92202			3			1			3			1.0
93869			5			1			5			1.0
94555			5			1			5			1.0
95032			3			1			3			1.0
95391			4			1			4			1.0
96822			7			1			7			1.0
97186			3			1			3			1.0
97564			3			1			3			1.0
98576			7			1			7			1.0
100566			3			1			3			1.0
101051			3			1			3			1.0
101322			3			1			3			1.0
103181			7			1			7			1.0
104570			3			1			3			1.0
105351			3			1			3			1.0
106776			3			1			3			1.0
107293			3			1			3			1.0
107768			3			1			3			1.0
109546			3			1			3			1.0
109773			3			1			3			1.0
110738			3			1			3			1.0
111279			3			1			3			1.0
111839			3			1			3			1.0
113513			3			1			3			1.0
113857			3			1			3			1.0
114276			3			1			3			1.0
115606			3			1			3			1.0
116497			3			1			3			1.0
117610			3			1			3			1.0
118545			3			1			3			1.0
119533			7			1			7			1.0
120262			3			1			3			1.0
121811			3			1			3			1.0
124299			3			1			3			1.0
124984			3			1			3			1.0
126258			3			1			3			1.0
126801			3			1			3			1.0
127257			3			1			3			1.0
128254			3			1			3			1.0
129253			3			1			3			1.0
130989			7			1			7			1.0
132604			3			1			3			1.0
133669			7			1			7			1.0
134106			3			1			3			1.0
134469			3			1			3			1.0
135571			7			1			7			1.0
136104			3			1			3			1.0
137690			3			1			3			1.0
139122			3			1			3			1.0
139682			3			1			3			1.0
140355			3			1			3			1.0
141354			3			1			3			1.0
142780			3			1			3			1.0
143369			3			1			3			1.0
144436			3			1			3			1.0
145366			3			1			3			1.0
146365			3			1			3			1.0
148329			3			1			3			1.0
148689			3			1			3			1.0
149246			3			1			3			1.0
149911			3			1			3			1.0
151618			3			1			3			1.0
153101			3			1			3			1.0
153948			3			1			3			1.0
154431			3			1			3			1.0
155132			3			1			3			1.0
155578			3			1			3			1.0
156265			3			1			3			1.0
158547			7			1			7			1.0
160362			3			1			3			1.0
161131			3			1			3			1.0
161544			3			1			3			1.0
162497			3			1			3			1.0
165453			11			1			11			1.0
166749			3			1			3			1.0
167492			3			1			3			1.0
167819			3			1			3			1.0
169416			3			1			3			1.0
171299			3			1			3			1.0
172298			3			1			3			1.0
173742			3			1			3			1.0
174327			3			1			3			1.0
175410			3			1			3			1.0
175811			3			1			3			1.0
178057			14			1			14			1.0
179853			11			1			11			1.0
181051			5			1			5			1.0
181508			5			1			5			1.0
182829			5			1			5			1.0
185863			11			1			11			1.0
188006			5			1			5			1.0
189603			5			1			5			1.0
191418			5			1			5			1.0
193621			5			1			5			1.0
194454			5			1			5			1.0
195453			5			1			5			1.0
196092			5			1			5			1.0
199905			16			1			16			1.0
199965			0			1			0			1.0
