326			0			7			0			1.0
31687			103			6			15			6.866667
74754			168			6			24			7.0
87680			80			6			12			6.6666665
126662			160			6			23			6.9565215
171202			140			6			20			7.0
198275			133			6			19			7.0
214594			91			7			13			7.0
245186			112			6			16			7.0
274146			161			7			23			7.0
301189			105			7			15			7.0
336416			125			7			18			6.9444447
357572			63			7			9			7.0
418528			231			6			33			7.0
459297			133			7			19			7.0
494209			105			6			15			7.0
515140			104			6			15			6.9333334
534501			104			7			15			6.9333334
551302			133			7			19			7.0
576165			133			6			19			7.0
603269			133			7			19			7.0
647078			154			6			22			7.0
694337			159			6			23			6.9130435
737379			172			6			25			6.88
773635			133			7			19			7.0
796513			97			6			14			6.928571
830273			91			6			13			7.0
858752			63			7			9			7.0
887013			133			6			19			7.0
941697			258			6			37			6.972973
975840			133			6			19			7.0
990114			63			7			9			7.0
1020640			126			6			18			7.0
1058976			124			6			18			6.888889
1080455			97			6			14			6.928571
1113671			133			7			19			7.0
1132742			63			6			9			7.0
1148551			70			6			10			7.0
1169956			83			6			12			6.9166665
1201415			111			6			16			6.9375
1230950			112			6			16			7.0
1258242			119			6			17			7.0
1269475			49			6			7			7.0
1285925			77			6			11			7.0
1306177			77			6			11			7.0
1333957			133			7			19			7.0
1370053			161			6			23			7.0
1453254			266			6			38			7.0
1481446			133			7			19			7.0
1507621			70			6			10			7.0
1559525			258			6			37			6.972973
1586786			96			6			14			6.857143
1609891			133			7			19			7.0
1626950			63			7			9			7.0
1651943			126			6			18			7.0
1665252			84			6			12			7.0
1674243			63			7			9			7.0
1746721			314			6			45			6.977778
1781221			151			6			22			6.8636365
1814753			112			6			16			7.0
1821797			21			6			3			7.0
1848838			126			6			18			7.0
1883941			104			6			15			6.9333334
1932096			244			6			35			6.9714284
1962371			181			6			26			6.9615383
1980901			91			6			13			7.0
2009890			125			7			18			6.9444447
2028000			91			6			13			7.0
2049955			98			6			14			7.0
2070400			63			7			9			7.0
2119943			291			6			42			6.928571
2144550			63			7			9			7.0
2190531			154			6			22			7.0
2212005			126			6			18			7.0
2246471			131			6			19			6.894737
2304321			215			6			31			6.935484
2345127			189			6			27			7.0
2445313			461			6			67			6.880597
2485952			112			6			16			7.0
2510848			112			6			16			7.0
2524802			112			6			16			7.0
2552132			125			6			18			6.9444447
2592165			130			7			19			6.8421054
2615873			132			7			19			6.9473686
2655171			132			7			19			6.9473686
2716614			300			6			43			6.976744
2742311			105			6			15			7.0
2766053			119			6			17			7.0
2835143			263			7			38			6.9210525
2871746			126			7			18			7.0
2897190			126			7			18			7.0
2943717			194			7			28			6.928571
2969764			62			7			9			6.888889
3011271			181			6			26			6.9615383
3043009			126			7			18			7.0
3061220			126			7			18			7.0
3117409			139			6			20			6.95
3132039			62			7			9			6.888889
3161824			126			7			18			7.0
3182275			61			7			9			6.7777777
3233890			258			6			37			6.972973
3266085			126			7			18			7.0
3289414			61			7			9			6.7777777
3347234			259			7			37			7.0
3399968			167			6			24			6.9583335
3431043			128			7			19			6.736842
3451554			126			7			18			7.0
3463394			62			6			9			6.888889
3505926			138			6			20			6.9
3536677			126			7			18			7.0
3545058			62			7			9			6.888889
3613027			259			7			37			7.0
3660833			194			7			28			6.928571
3693856			126			7			18			7.0
3721249			126			7			18			7.0
3764070			131			7			19			6.894737
3790082			126			7			18			7.0
3835524			159			6			23			6.9130435
3862372			119			6			17			7.0
3872517			77			6			11			7.0
3908933			124			6			18			6.888889
3938658			126			7			18			7.0
3956676			126			7			18			7.0
3976801			125			7			18			6.9444447
4040897			257			7			37			6.9459457
4088935			236			6			34			6.9411764
4104068			123			7			18			6.8333335
4127746			112			6			16			7.0
4199942			255			7			37			6.891892
4238662			126			7			18			7.0
4270565			124			7			18			6.888889
4322913			182			6			26			7.0
4352035			122			7			18			6.7777777
4409861			123			7			18			6.8333335
4503298			460			7			66			6.969697
4529122			161			6			23			7.0
4561824			189			7			27			7.0
4596519			123			7			18			6.8333335
4620866			123			7			18			6.8333335
4659234			161			6			23			7.0
4684101			125			7			18			6.9444447
4721287			133			6			19			7.0
4771972			125			7			18			6.9444447
4809572			189			7			27			7.0
4838055			125			7			18			6.9444447
4872551			182			6			26			7.0
4901794			125			7			18			6.9444447
4967938			256			7			37			6.918919
4992743			125			7			18			6.9444447
5064901			321			7			46			6.978261
5111008			133			6			19			7.0
5139427			125			7			18			6.9444447
5169219			124			6			18			6.888889
5202914			125			7			18			6.9444447
5245603			189			7			27			7.0
5267239			125			7			18			6.9444447
5303525			122			7			18			6.7777777
5325730			125			7			18			6.9444447
5364993			189			7			27			7.0
5413474			189			7			27			7.0
5453031			139			6			20			6.95
5478980			189			7			27			7.0
5516101			154			6			22			7.0
5625927			384			7			55			6.981818
5662051			173			6			25			6.92
5749220			354			6			51			6.9411764
5777699			140			6			20			7.0
5906757			549			7			79			6.949367
5965733			188			7			27			6.962963
5997382			154			7			22			7.0
5997475			0			7			0			1.0
