10			0			166			0			1.0
270			1378			168			10			137.19406
1446			6543			263			53			122.87413
2587			6812			213			53			127.93145
3613			4391			99			34			128.53809
4961			7542			245			60			125.127
5997			6465			86			49			131.3336
6897			4126			250			34			120.80099
7660			4802			233			38			125.785416
8591			6243			230			50			124.28953
9080			2939			287			24			121.90722
9919			4440			94			35			126.28418
10511			4211			253			31			135.2115
11267			4079			253			33			123.03225
12318			6892			163			55			124.72376
12840			4620			171			35			131.38943
13896			5463			151			44			123.58179
15075			6283			255			46			135.95947
15866			5216			171			43			120.7416
16106			2755			250			22			124.64042
17136			5007			213			40			124.58448
17759			3884			153			32			120.82733
18515			4343			243			34			127.151245
19430			5391			86			40			134.13927
20812			7425			260			57			129.66566
21958			7535			265			59			127.12144
22846			5012			270			39			127.905846
23849			7079			290			52			135.49829
24926			5652			258			43			130.84187
25832			6395			171			50			127.31735
26869			5772			265			46			124.89928
27959			4403			99			35			125.22059
28564			4470			86			35			127.135056
29430			5144			302			42			121.90248
30449			4109			268			32			127.80709
31215			4189			270			34			122.62577
32138			4832			81			39			123.32414
32687			3441			161			27			126.83861
33761			6682			111			52			127.90962
35309			8403			268			66			126.72605
35874			3348			213			26			128.18463
38943			19649			233			157			125.37157
39844			4358			96			35			123.944275
40516			4959			173			37			133.41026
41250			4268			258			34			124.9615
42315			5094			104			40			126.75602
43356			7161			99			54			131.99695
44085			4877			275			39			124.46957
45271			7335			91			56			130.38545
46067			4047			268			32			125.86827
47064			5241			168			43			121.31876
47704			4772			260			37			128.3797
48139			2658			91			19			139.22221
49262			4987			253			40			124.08813
50345			5508			248			44			124.59706
51326			8607			89			67			127.87227
52313			6707			285			53			125.964714
53892			8642			161			68			126.5029
54574			4159			265			34			121.74988
56171			9722			171			75			129.0255
57122			5253			272			43			121.60734
58264			7463			275			56			132.6457
59579			8827			280			69			127.331375
60808			6657			230			52			127.43235
62320			9475			171			74			127.44861
63522			6712			156			53			126.058365
65645			10398			124			79			131.00682
67023			7747			116			63			122.399376
68668			7637			124			57			133.36667
71282			18287			84			140			130.95496
72541			5186			111			42			122.907005
74805			12702			158			97			130.33974
77130			16038			374			127			126.69803
78251			7941			104			58			136.28787
79508			5912			106			47			125.19915
80363			5969			300			47			126.41365
83049			16931			143			137			123.91572
84288			5662			96			45			125.24789
85244			6418			151			49			130.37126
85970			5720			168			44			129.39143
87480			9226			91			71			129.3378
87848			2817			104			21			133.52855
89014			7021			96			54			129.42319
89601			5051			126			40			125.70127
90793			6550			86			50			130.3948
92158			5864			96			46			126.8955
92635			2648			245			20			131.76642
93479			5645			166			44			127.6993
94574			5443			96			42			128.99327
96083			9081			156			73			123.8226
96885			4558			99			34			133.42851
97406			3281			163			27			120.95624
98491			4625			94			35			131.53125
98918			3585			81			28			127.44994
100502			8283			245			64			128.82455
101228			4984			153			38			130.55298
102147			4119			233			33			124.235504
104061			12562			285			97			128.90686
104991			5012			138			42			118.77071
105844			5929			258			44			134.1294
106611			5026			129			39			128.28766
108339			10146			138			79			127.83375
109139			6934			250			54			127.81459
110604			7929			250			61			129.38226
112020			10141			119			80			126.17387
113752			8961			265			72			123.88766
114297			4800			265			37			129.11752
114800			2867			265			23			124.07756
115694			5084			109			42			120.48432
116804			5039			104			39			128.60582
117841			8104			295			62			130.0977
120834			15357			275			117			131.7787
121817			5091			146			42			120.66159
125862			25663			109			202			127.087845
126579			4969			158			38			130.16112
127219			5166			111			40			128.5553
128707			10752			153			85			125.90603
129513			5218			119			39			133.18753
130341			5251			158			42			124.443344
131326			5493			114			42			130.17506
132597			10158			253			77			131.31506
133407			5932			96			45			131.2042
133997			6069			104			46			131.31958
136726			16417			158			132			124.74223
137466			5520			86			41			134.01555
138399			5144			282			39			131.27849
139092			5017			99			38			131.402
140013			5862			176			45			129.65996
142784			12919			91			102			126.067764
145307			14397			111			117			123.54119
146431			4979			245			39			127.07859
148555			12320			287			97			126.424934
149337			5600			260			44			126.68402
150139			5478			96			40			136.3108
151241			5405			220			43			125.128006
151979			5281			253			42			125.15243
153537			7560			134			60			125.41655
155573			12849			245			99			129.18587
158830			18347			265			144			127.70856
160316			7652			104			61			124.86609
161350			6001			240			47			127.100105
166674			30762			168			244			126.010086
168666			12973			114			103			125.373985
169963			7657			106			59			129.18263
171047			7557			126			57			131.97334
175688			30732			104			240			127.994385
177031			7655			134			59			129.14056
179232			15422			131			125			123.79758
183612			23810			148			190			125.39948
184789			7727			148			63			122.08421
191756			38652			143			307			125.730896
192826			7580			146			60			125.74747
194071			7822			104			60			129.7598
195586			7951			104			64			123.666916
196762			7757			151			61			126.574905
198287			8483			148			68			124.16701
199406			7792			156			61			127.144516
199936			4313			114			31			138.49373
199998			0			131			0			128.13629
